[
  {
    "local_site":"homo_S1",
    "remote_site":"homo_S2",
    "model_index":    1,
    "beta_local":{
      "(Intercept)":      -3.68530163243278,
      "Lab_H[1,3)":      0.936113102668092,
      "Lab_H[3,4)":      1.91539710426141,
      "Lab_H[4,)":      2.56008559824617
    },
    "variable":"Lab_H",
    "D1":[
      0.000700099253618372,
      0.00588095642538873,
      -0.00099950698914494,
      -0.00357528957528384
    ],
    "D2":[
      -0.0703341827911493,
      -0.0345289380965709,
      -0.0209945326379332,
      -0.010967736848815,
      -0.0345289380965709,
      -0.0345289380965709,
      0,
      0,
      -0.0209945326379332,
      0,
      -0.0209945326379332,
      0,
      -0.010967736848815,
      0,
      0,
      -0.010967736848815
    ],
    "N_R":    4200
  },
  {
    "local_site":"homo_S1",
    "remote_site":"homo_S2",
    "model_index":    2,
    "beta_local":{
      "(Intercept)":      -6.25093818100488,
      "Lab_H[1,3)":      0.994039189120904,
      "Lab_H[3,4)":      1.99202278886591,
      "Lab_H[4,)":      2.69454423808398,
      "Age[35,49)":      1.38289196880787,
      "Age[49,76)":      2.39257955160862,
      "Age[76,89)":      3.10490451166347,
      "Age[89,)":      3.59316165964589
    },
    "variable":[
"Lab_H",
"Age"
    ],
    "D1":[
      0.00159184556566716,
      0.00545561581458709,
      0.000216823576243988,
      -0.00343888035604318,
      -0.00122007954363484,
      0.00133408953252339,
      -0.000887969848938387,
      0.00249092885064006
    ],
    "D2":[
      -0.0673316971088297,
      -0.034154070145014,
      -0.0191168189444867,
      -0.0102192705963871,
      -0.00432836718165539,
      -0.0378824467504803,
      -0.0170623160620395,
      -0.00769985207506377,
      -0.034154070145014,
      -0.034154070145014,
      0,
      0,
      -0.00171371273921135,
      -0.0183363897257749,
      -0.00977416144948797,
      -0.00417630790116524,
      -0.0191168189444867,
      0,
      -0.0191168189444867,
      0,
      -0.0015752819494196,
      -0.011132328598895,
      -0.00403606065392109,
      -0.00224223152333209,
      -0.0102192705963871,
      0,
      0,
      -0.0102192705963871,
      -0.00087352059920013,
      -0.00647652990117398,
      -0.002150442502304,
      -0.000654540667186335,
      -0.00432836718165539,
      -0.00171371273921135,
      -0.0015752819494196,
      -0.00087352059920013,
      -0.00432836718165539,
      0,
      0,
      0,
      -0.0378824467504803,
      -0.0183363897257749,
      -0.011132328598895,
      -0.00647652990117398,
      0,
      -0.0378824467504803,
      0,
      0,
      -0.0170623160620395,
      -0.00977416144948797,
      -0.00403606065392109,
      -0.002150442502304,
      0,
      0,
      -0.0170623160620395,
      0,
      -0.00769985207506377,
      -0.00417630790116524,
      -0.00224223152333209,
      -0.000654540667186335,
      0,
      0,
      0,
      -0.00769985207506377
    ],
    "N_R":    4200
  },
  {
    "local_site":"homo_S1",
    "remote_site":"homo_S2",
    "model_index":    3,
    "beta_local":{
      "(Intercept)":      -7.8884739621355,
      "Lab_H[1,3)":      0.770182561832077,
      "Lab_H[3,4)":      1.59788731091027,
      "Lab_H[4,)":      2.19090778460895,
      "Age[35,49)":      1.45935508845643,
      "Age[49,76)":      2.50634202055038,
      "Age[76,89)":      3.27526046843553,
      "Age[89,)":      3.82249777776118,
      "Lab_B[11,17)":      1.62092423153064,
      "Lab_B[17,19)":      2.29367713114252,
      "Lab_B[19,)":      2.73390157752,
      "Lab_B[8,11)":      0.824658917713414
    },
    "variable":[
"Lab_H",
"Age",
"Lab_B"
    ],
    "D1":[
      0.000830841991411805,
      0.00591489630171686,
      -0.000227257846566461,
      -0.00404205203979138,
      -0.00125602921461471,
      0.00108078779050334,
      -0.00133811715811936,
      0.00244357336866865,
      0.0023847305705841,
      -0.00178544108734689,
      0.00118169790753313,
      -0.00129839949500412
    ],
    "D2":[
      -0.0656685814144019,
      -0.0329789720027525,
      -0.0186749138748406,
      -0.0100584457123567,
      -0.00428330500752654,
      -0.0369103571313132,
      -0.0166323019989303,
      -0.00751028245407626,
      -0.0368727085067248,
      -0.0121776355046262,
      -0.0127452896417253,
      -0.00351369468423589,
      -0.0329789720027525,
      -0.0329789720027525,
      0,
      0,
      -0.00165960730163379,
      -0.0176412074544876,
      -0.00939988596791032,
      -0.00414513244899543,
      -0.0203178890271479,
      -0.00543673055595868,
      -0.00464121557655694,
      -0.00233384139228964,
      -0.0186749138748406,
      0,
      -0.0186749138748406,
      0,
      -0.00155982913705905,
      -0.0108371462399591,
      -0.00405313314106263,
      -0.00210151951773518,
      -0.00992349773510319,
      -0.00383485915395574,
      -0.00442587988301079,
      -0.000449097809805644,
      -0.0100584457123567,
      0,
      0,
      -0.0100584457123567,
      -0.000907348827344064,
      -0.00642120419009245,
      -0.00203900607448541,
      -0.000626693635332662,
      -0.00421379464820227,
      -0.00237867155239039,
      -0.00327890639194388,
      -0.000187073119820185,
      -0.00428330500752654,
      -0.00165960730163379,
      -0.00155982913705905,
      -0.000907348827344064,
      -0.00428330500752654,
      0,
      0,
      0,
      -0.00198963595039902,
      -0.000802154852391967,
      -0.00129255335105025,
      -0.000182150096785685,
      -0.0369103571313132,
      -0.0176412074544876,
      -0.0108371462399591,
      -0.00642120419009245,
      0,
      -0.0369103571313132,
      0,
      0,
      -0.019421023127158,
      -0.00796083921149982,
      -0.00756098472521661,
      -0.0017834983367244,
      -0.0166323019989303,
      -0.00939988596791032,
      -0.00405313314106263,
      -0.00203900607448541,
      0,
      0,
      -0.0166323019989303,
      0,
      -0.0101735809583054,
      -0.0024634313216276,
      -0.00292292424433494,
      -0.000980745446871717,
      -0.00751028245407626,
      -0.00414513244899543,
      -0.00210151951773518,
      -0.000626693635332662,
      0,
      0,
      0,
      -0.00751028245407626,
      -0.00513228118389685,
      -0.000857774444143328,
      -0.00089810692616722,
      -0.000556079660754818,
      -0.0368727085067248,
      -0.0203178890271479,
      -0.00992349773510319,
      -0.00421379464820227,
      -0.00198963595039902,
      -0.019421023127158,
      -0.0101735809583054,
      -0.00513228118389685,
      -0.0368727085067248,
      0,
      0,
      0,
      -0.0121776355046262,
      -0.00543673055595868,
      -0.00383485915395574,
      -0.00237867155239039,
      -0.000802154852391967,
      -0.00796083921149982,
      -0.0024634313216276,
      -0.000857774444143328,
      0,
      -0.0121776355046262,
      0,
      0,
      -0.0127452896417253,
      -0.00464121557655694,
      -0.00442587988301079,
      -0.00327890639194388,
      -0.00129255335105025,
      -0.00756098472521661,
      -0.00292292424433494,
      -0.00089810692616722,
      0,
      0,
      -0.0127452896417253,
      0,
      -0.00351369468423589,
      -0.00233384139228964,
      -0.000449097809805644,
      -0.000187073119820185,
      -0.000182150096785685,
      -0.0017834983367244,
      -0.000980745446871717,
      -0.000556079660754818,
      0,
      0,
      0,
      -0.00351369468423589
    ],
    "N_R":    4200
  },
  {
    "local_site":"homo_S1",
    "remote_site":"homo_S2",
    "model_index":    4,
    "beta_local":{
      "(Intercept)":      -8.28307935080327,
      "Lab_H[1,3)":      0.817017877165382,
      "Lab_H[3,4)":      1.67488643817813,
      "Lab_H[4,)":      2.31356315270013,
      "Age[35,49)":      1.35865873446334,
      "Age[49,76)":      2.33026501603818,
      "Age[76,89)":      2.98422687778041,
      "Age[89,)":      3.47326923866852,
      "Lab_B[11,17)":      1.19590110390638,
      "Lab_B[17,19)":      1.71270234926654,
      "Lab_B[19,)":      2.0209008477267,
      "Lab_B[8,11)":      0.631656969656096,
      "Lab_K[42,58)":      1.40955606860768,
      "Lab_K[58,)":      1.70111535588608,
      "Lab_K[8,42)":      0.951466827318852
    },
    "variable":[
"Lab_H",
"Age",
"Lab_B",
"Lab_K"
    ],
    "D1":[
      0.000627868694257599,
      0.00578862658123935,
      -0.000102279416918365,
      -0.00433069585982536,
      -0.00129783514044609,
      0.000379578618544468,
      -0.000770350642681658,
      0.00241395294172062,
      0.00208999160919204,
      -0.00196348084133975,
      0.00152340033295375,
      -0.00137546494040905,
      0.00244846349941998,
      0.00323020654201248,
      -0.00555270377715265
    ],
    "D2":[
      -0.0649743151509979,
      -0.0327663507613514,
      -0.0183567399752785,
      -0.00998948578477185,
      -0.00429026986508981,
      -0.0368958771206368,
      -0.0161060656996381,
      -0.00735196547180175,
      -0.0365560907305993,
      -0.0121313614145372,
      -0.0123657701906207,
      -0.00356752425805789,
      -0.0157869454934981,
      -0.00786340536420335,
      -0.0377140943957124,
      -0.0327663507613514,
      -0.0327663507613514,
      0,
      0,
      -0.00165918311190333,
      -0.0177553695745166,
      -0.00913755210775948,
      -0.00408010988638384,
      -0.0201407759142255,
      -0.00547650782986423,
      -0.00449457792444942,
      -0.00239882750531704,
      -0.00785329944717126,
      -0.00458586141736766,
      -0.018459906239526,
      -0.0183567399752785,
      0,
      -0.0183567399752785,
      0,
      -0.00158996371120083,
      -0.0106863035774927,
      -0.00388078343425155,
      -0.00207609606884836,
      -0.0098058255142099,
      -0.00383504049335039,
      -0.00425154087397541,
      -0.000434738480510038,
      -0.00469804650402458,
      -0.00172595156176406,
      -0.0109482231069616,
      -0.00998948578477185,
      0,
      0,
      -0.00998948578477185,
      -0.000887903859928824,
      -0.00649264124423433,
      -0.00195792263097161,
      -0.000590284726441223,
      -0.00429941901427099,
      -0.00228670721304097,
      -0.00323405428002433,
      -0.000169305277435557,
      -0.00221634768100606,
      -0.00110160078342971,
      -0.00612878757520612,
      -0.00429026986508981,
      -0.00165918311190333,
      -0.00158996371120083,
      -0.000887903859928824,
      -0.00429026986508981,
      0,
      0,
      0,
      -0.00200201917392522,
      -0.000840618153839087,
      -0.00126180673154018,
      -0.000171342442432919,
      -0.000954399685007803,
      -0.000322584453276908,
      -0.00266593913341041,
      -0.0368958771206368,
      -0.0177553695745166,
      -0.0106863035774927,
      -0.00649264124423433,
      0,
      -0.0368958771206368,
      0,
      0,
      -0.0196201432503538,
      -0.00785401945271298,
      -0.00739443225914813,
      -0.00183972693313377,
      -0.00886137461471607,
      -0.00394821450431444,
      -0.0218697965664942,
      -0.0161060656996381,
      -0.00913755210775948,
      -0.00388078343425155,
      -0.00195792263097161,
      0,
      0,
      -0.0161060656996381,
      0,
      -0.00976608651764706,
      -0.00246563498700471,
      -0.00280151078870825,
      -0.000985734761877299,
      -0.00382735184199292,
      -0.0022445836720017,
      -0.00930219707776851,
      -0.00735196547180175,
      -0.00408010988638384,
      -0.00207609606884836,
      -0.000590284726441223,
      0,
      0,
      0,
      -0.00735196547180175,
      -0.00501270440749372,
      -0.000870300993154534,
      -0.000845063427347647,
      -0.000560009627463874,
      -0.00208841151265,
      -0.00133980535855041,
      -0.00365222282871988,
      -0.0365560907305993,
      -0.0201407759142255,
      -0.0098058255142099,
      -0.00429941901427099,
      -0.00200201917392522,
      -0.0196201432503538,
      -0.00976608651764706,
      -0.00501270440749372,
      -0.0365560907305993,
      0,
      0,
      0,
      -0.00756848162127997,
      -0.00375314282624546,
      -0.0227402002556725,
      -0.0121313614145372,
      -0.00547650782986423,
      -0.00383504049335039,
      -0.00228670721304097,
      -0.000840618153839087,
      -0.00785401945271298,
      -0.00246563498700471,
      -0.000870300993154534,
      0,
      -0.0121313614145372,
      0,
      0,
      -0.00363595484787841,
      -0.00175179794765441,
      -0.00638283721057906,
      -0.0123657701906207,
      -0.00449457792444942,
      -0.00425154087397541,
      -0.00323405428002433,
      -0.00126180673154018,
      -0.00739443225914813,
      -0.00280151078870825,
      -0.000845063427347647,
      0,
      0,
      -0.0123657701906207,
      0,
      -0.0041846148594308,
      -0.00230029987137011,
      -0.00575459276301914,
      -0.00356752425805789,
      -0.00239882750531704,
      -0.000434738480510038,
      -0.000169305277435557,
      -0.000171342442432919,
      -0.00183972693313377,
      -0.000985734761877299,
      -0.000560009627463874,
      0,
      0,
      0,
      -0.00356752425805789,
      -0.000355799799430231,
      -5.81647189333684e-05,
      -0.00263992223864364,
      -0.0157869454934981,
      -0.00785329944717126,
      -0.00469804650402458,
      -0.00221634768100606,
      -0.000954399685007803,
      -0.00886137461471607,
      -0.00382735184199292,
      -0.00208841151265,
      -0.00756848162127997,
      -0.00363595484787841,
      -0.0041846148594308,
      -0.000355799799430231,
      -0.0157869454934981,
      0,
      0,
      -0.00786340536420335,
      -0.00458586141736766,
      -0.00172595156176406,
      -0.00110160078342971,
      -0.000322584453276908,
      -0.00394821450431444,
      -0.0022445836720017,
      -0.00133980535855041,
      -0.00375314282624546,
      -0.00175179794765441,
      -0.00230029987137011,
      -5.81647189333684e-05,
      0,
      -0.00786340536420335,
      0,
      -0.0377140943957124,
      -0.018459906239526,
      -0.0109482231069616,
      -0.00612878757520612,
      -0.00266593913341041,
      -0.0218697965664942,
      -0.00930219707776851,
      -0.00365222282871988,
      -0.0227402002556725,
      -0.00638283721057906,
      -0.00575459276301914,
      -0.00263992223864364,
      0,
      0,
      -0.0377140943957124
    ],
    "N_R":    4200
  },
  {
    "local_site":"homo_S1",
    "remote_site":"homo_S2",
    "model_index":    5,
    "beta_local":{
      "(Intercept)":      -10.1552661599599,
      "Lab_H[1,3)":      0.787454714885273,
      "Lab_H[3,4)":      1.70583314178243,
      "Lab_H[4,)":      2.34256650061654,
      "Age[35,49)":      1.37665280145715,
      "Age[49,76)":      2.30310703707968,
      "Age[76,89)":      3.00329567161081,
      "Age[89,)":      3.46614494115229,
      "Lab_B[11,17)":      1.01647069525993,
      "Lab_B[17,19)":      1.49731487511816,
      "Lab_B[19,)":      1.74355035885009,
      "Lab_B[8,11)":      0.566726614431703,
      "Lab_K[42,58)":      1.39113233359141,
      "Lab_K[58,)":      1.70905942200779,
      "Lab_K[8,42)":      0.967854515414587,
      "Vital_E[12,15)":      0.987780541108612,
      "Vital_E[15,22)":      1.86043008413065,
      "Vital_E[22,25)":      2.53746944361048,
      "Vital_E[25,)":      3.25705544173806
    },
    "variable":[
"Lab_H",
"Age",
"Lab_B",
"Lab_K",
"Vital_E"
    ],
    "D1":[
      0.00118903145377606,
      0.00618288165169029,
      -4.08761662564546e-05,
      -0.00442824996530345,
      -0.00120065271210438,
      0.000949501576173493,
      -0.000962639804274183,
      0.00249323810698137,
      0.0022982943910295,
      -0.00224099261558381,
      0.0021983159429963,
      -0.00139901558208402,
      0.0038333744945568,
      0.00292182921722435,
      -0.00590646646364577,
      -0.00110119377766233,
      -0.00109100666495113,
      0.00220408442355928,
      0.000992373719682249
    ],
    "D2":[
      -0.0620120077844865,
      -0.0313305175182996,
      -0.0175889555665388,
      -0.00947143292972556,
      -0.00410922879393517,
      -0.0352261657527541,
      -0.0154365362636694,
      -0.00691886366039125,
      -0.0352216468321501,
      -0.0116173012256757,
      -0.0112702518066855,
      -0.00353350273086362,
      -0.0143609178876685,
      -0.00753632520099075,
      -0.0364518593111465,
      -0.00280188412519381,
      -0.0347900088253315,
      -0.0154102595058293,
      -0.00872652191855769,
      -0.0313305175182996,
      -0.0313305175182996,
      0,
      0,
      -0.00160801164016813,
      -0.0168208288932046,
      -0.00892939707115742,
      -0.0038530548341271,
      -0.0191864228725871,
      -0.00527526627969034,
      -0.00423819646286581,
      -0.00238217303469647,
      -0.00717158929337451,
      -0.00451752584492961,
      -0.0177990169823645,
      -0.00128825015581168,
      -0.0168680224705574,
      -0.00792756287714517,
      -0.00511142832372098,
      -0.0175889555665388,
      0,
      -0.0175889555665388,
      0,
      -0.00147691644147858,
      -0.0105008299250651,
      -0.0036222175928771,
      -0.00184222483820331,
      -0.00961502240093424,
      -0.00371633543496902,
      -0.00376262294268158,
      -0.000456498144226052,
      -0.0042460915374323,
      -0.00165552440326947,
      -0.0106842302878398,
      -0.000903172708506054,
      -0.0101615530750411,
      -0.00445842927737704,
      -0.00199141033264864,
      -0.00947143292972556,
      0,
      0,
      -0.00947143292972556,
      -0.000864771075492404,
      -0.00613824329021539,
      -0.00186105285885459,
      -0.000561987541287889,
      -0.00420868035928604,
      -0.00210883448269883,
      -0.00298444135895336,
      -0.000169476728787321,
      -0.0019732279707028,
      -0.00100863794885736,
      -0.00588590972857998,
      -0.000414114353903938,
      -0.00572354091477406,
      -0.00218849664371386,
      -0.00109768487906287,
      -0.00410922879393517,
      -0.00160801164016813,
      -0.00147691644147858,
      -0.000864771075492404,
      -0.00410922879393517,
      0,
      0,
      0,
      -0.00198520082665245,
      -0.000854963671140369,
      -0.00110041696566905,
      -0.000154042338461757,
      -0.000870372455003218,
      -0.000361485633494863,
      -0.00250417502500779,
      -0.000206377572152205,
      -0.00223449226711784,
      -0.00104134271466894,
      -0.000600054725616772,
      -0.0352261657527541,
      -0.0168208288932046,
      -0.0105008299250651,
      -0.00613824329021539,
      0,
      -0.0352261657527541,
      0,
      0,
      -0.0189270317252002,
      -0.00747033024053405,
      -0.00674625876863768,
      -0.00190042455959803,
      -0.00793118479056406,
      -0.00372684873153742,
      -0.0213821272610716,
      -0.00154713548197783,
      -0.0191920426387453,
      -0.00913877857887864,
      -0.0052002990471136,
      -0.0154365362636694,
      -0.00892939707115742,
      -0.0036222175928771,
      -0.00186105285885459,
      0,
      0,
      -0.0154365362636694,
      0,
      -0.00946697621034252,
      -0.00232152485293291,
      -0.00258095047681725,
      -0.000992433568501658,
      -0.00359726160905363,
      -0.00217859178453987,
      -0.00884461723243565,
      -0.000721059166963062,
      -0.00907825165490646,
      -0.00364681987473084,
      -0.00193684665606768,
      -0.00691886366039125,
      -0.0038530548341271,
      -0.00184222483820331,
      -0.000561987541287889,
      0,
      0,
      0,
      -0.00691886366039125,
      -0.00470569920347706,
      -0.000852176747396489,
      -0.000788651597056227,
      -0.000475182087285683,
      -0.00190478725419717,
      -0.001262814630009,
      -0.00350028243364925,
      -0.000315709689366747,
      -0.00410835809421956,
      -0.00150891728708269,
      -0.000933059501168134,
      -0.0352216468321501,
      -0.0191864228725871,
      -0.00961502240093424,
      -0.00420868035928604,
      -0.00198520082665245,
      -0.0189270317252002,
      -0.00946697621034252,
      -0.00470569920347706,
      -0.0352216468321501,
      0,
      0,
      0,
      -0.0069994452412117,
      -0.00363774012155937,
      -0.0221483836342794,
      -0.00152227638102302,
      -0.0201939763748968,
      -0.0082362502835275,
      -0.00510456872687574,
      -0.0116173012256757,
      -0.00527526627969034,
      -0.00371633543496902,
      -0.00210883448269883,
      -0.000854963671140369,
      -0.00747033024053405,
      -0.00232152485293291,
      -0.000852176747396489,
      0,
      -0.0116173012256757,
      0,
      0,
      -0.00328371004317665,
      -0.00178541563380656,
      -0.00619403472866903,
      -0.000467639483742079,
      -0.0061627590117125,
      -0.00319284619384408,
      -0.00174777264876129,
      -0.0112702518066855,
      -0.00423819646286581,
      -0.00376262294268158,
      -0.00298444135895336,
      -0.00110041696566905,
      -0.00674625876863768,
      -0.00258095047681725,
      -0.000788651597056227,
      0,
      0,
      -0.0112702518066855,
      0,
      -0.00372553288336084,
      -0.00204144526394409,
      -0.00532248835897789,
      -0.000560195627295651,
      -0.00628985268462752,
      -0.00303646645948741,
      -0.00135092062889869,
      -0.00353350273086362,
      -0.00238217303469647,
      -0.000456498144226052,
      -0.000169476728787321,
      -0.000154042338461757,
      -0.00190042455959803,
      -0.000992433568501658,
      -0.000475182087285683,
      0,
      0,
      0,
      -0.00353350273086362,
      -0.000304607042959777,
      -7.17241816807316e-05,
      -0.00259519655334436,
      -0.000230158383700089,
      -0.00192835189744992,
      -0.000864842660398069,
      -0.000473633875984839,
      -0.0143609178876685,
      -0.00717158929337451,
      -0.0042460915374323,
      -0.0019732279707028,
      -0.000870372455003218,
      -0.00793118479056406,
      -0.00359726160905363,
      -0.00190478725419717,
      -0.0069994452412117,
      -0.00328371004317665,
      -0.00372553288336084,
      -0.000304607042959777,
      -0.0143609178876685,
      0,
      0,
      -0.000759128894462227,
      -0.00863975247249978,
      -0.00310154445429177,
      -0.00176912717681661,
      -0.00753632520099075,
      -0.00451752584492961,
      -0.00165552440326947,
      -0.00100863794885736,
      -0.000361485633494863,
      -0.00372684873153742,
      -0.00217859178453987,
      -0.001262814630009,
      -0.00363774012155937,
      -0.00178541563380656,
      -0.00204144526394409,
      -7.17241816807316e-05,
      0,
      -0.00753632520099075,
      0,
      -0.000276975327428489,
      -0.00390810556239528,
      -0.00242276607803705,
      -0.000905020333276805,
      -0.0364518593111465,
      -0.0177990169823645,
      -0.0106842302878398,
      -0.00588590972857998,
      -0.00250417502500779,
      -0.0213821272610716,
      -0.00884461723243565,
      -0.00350028243364925,
      -0.0221483836342794,
      -0.00619403472866903,
      -0.00532248835897789,
      -0.00259519655334436,
      0,
      0,
      -0.0364518593111465,
      -0.00164338483983185,
      -0.0202914856472812,
      -0.0090037339278047,
      -0.00536170515042536,
      -0.00280188412519381,
      -0.00128825015581168,
      -0.000903172708506054,
      -0.000414114353903938,
      -0.000206377572152205,
      -0.00154713548197783,
      -0.000721059166963062,
      -0.000315709689366747,
      -0.00152227638102302,
      -0.000467639483742079,
      -0.000560195627295651,
      -0.000230158383700089,
      -0.000759128894462227,
      -0.000276975327428489,
      -0.00164338483983185,
      -0.00280188412519381,
      0,
      0,
      0,
      -0.0347900088253315,
      -0.0168680224705574,
      -0.0101615530750411,
      -0.00572354091477406,
      -0.00223449226711784,
      -0.0191920426387453,
      -0.00907825165490646,
      -0.00410835809421956,
      -0.0201939763748968,
      -0.0061627590117125,
      -0.00628985268462752,
      -0.00192835189744992,
      -0.00863975247249978,
      -0.00390810556239528,
      -0.0202914856472812,
      0,
      -0.0347900088253315,
      0,
      0,
      -0.0154102595058293,
      -0.00792756287714517,
      -0.00445842927737704,
      -0.00218849664371386,
      -0.00104134271466894,
      -0.00913877857887864,
      -0.00364681987473084,
      -0.00150891728708269,
      -0.0082362502835275,
      -0.00319284619384408,
      -0.00303646645948741,
      -0.000864842660398069,
      -0.00310154445429177,
      -0.00242276607803705,
      -0.0090037339278047,
      0,
      0,
      -0.0154102595058293,
      0,
      -0.00872652191855769,
      -0.00511142832372098,
      -0.00199141033264864,
      -0.00109768487906287,
      -0.000600054725616772,
      -0.0052002990471136,
      -0.00193684665606768,
      -0.000933059501168134,
      -0.00510456872687574,
      -0.00174777264876129,
      -0.00135092062889869,
      -0.000473633875984839,
      -0.00176912717681661,
      -0.000905020333276805,
      -0.00536170515042536,
      0,
      0,
      0,
      -0.00872652191855769
    ],
    "N_R":    4200
  },
  {
    "local_site":"homo_S1",
    "remote_site":"homo_S2",
    "model_index":    6,
    "beta_local":{
      "(Intercept)":      -9.69910968993579,
      "Lab_H[1,3)":      0.751012717273691,
      "Lab_H[3,4)":      1.62957267854944,
      "Lab_H[4,)":      2.23372097199746,
      "Age[35,49)":      1.36856679182853,
      "Age[49,76)":      2.29499962070626,
      "Age[76,89)":      2.97722858241707,
      "Age[89,)":      3.4536671227617,
      "Lab_B[11,17)":      1.07346563920779,
      "Lab_B[17,19)":      1.59853884637408,
      "Lab_B[19,)":      1.87765244200415,
      "Lab_B[8,11)":      0.569487231906583,
      "Lab_K[42,58)":      1.35405290907814,
      "Lab_K[58,)":      1.64943961175325,
      "Lab_K[8,42)":      0.945321252920631,
      "Vital_E[12,15)":      1.03494620277826,
      "Vital_E[15,22)":      1.90322093967088,
      "Vital_E[22,25)":      2.60937029619688,
      "Vital_E[25,)":      3.3437638990047,
      "Lab_I[130,326)":      -0.521804591847802,
      "Lab_I[326,420)":      -0.772997717464241,
      "Lab_I[39,130)":      -0.19778501823219,
      "Lab_I[420,)":      -1.01466739845589
    },
    "variable":[
"Lab_H",
"Age",
"Lab_B",
"Lab_K",
"Vital_E",
"Lab_I"
    ],
    "D1":[
      0.00116333109327604,
      0.00608320416047798,
      -2.79035986972618e-05,
      -0.00439728636378766,
      -0.00130896114377966,
      0.00101708148733193,
      -0.000729009677933653,
      0.00227074709622281,
      0.00220892075948745,
      -0.00230756533213532,
      0.00229312026559112,
      -0.00136467169246387,
      0.00384136386851293,
      0.00309143419705026,
      -0.0060464053608973,
      -0.00114409159226679,
      -0.000811794408869685,
      0.00197925185746648,
      0.000949802265523043,
      0.00281639120291892,
      0.00328684911768095,
      -0.00375513256699587,
      0.000268909777929492
    ],
    "D2":[
      -0.0616797080139952,
      -0.031242179518427,
      -0.0174753651707508,
      -0.0093760514929924,
      -0.00413918610270136,
      -0.0349986290499339,
      -0.015297196622661,
      -0.00692835853769336,
      -0.0350836005254195,
      -0.0116089368815934,
      -0.0111192694295574,
      -0.00349925136171517,
      -0.0142518537228111,
      -0.00740687722069395,
      -0.0363200064429307,
      -0.00283816662644005,
      -0.0344569755217263,
      -0.0154384810020585,
      -0.00866804023190375,
      -0.036772114362367,
      -0.0074044778083412,
      -0.0113397050801737,
      -0.00201049659953774,
      -0.031242179518427,
      -0.031242179518427,
      0,
      0,
      -0.0016120644384186,
      -0.0167762708969229,
      -0.0088401625787434,
      -0.00389773148521438,
      -0.0191632680868226,
      -0.005298454792491,
      -0.00415194381507131,
      -0.00238142814136609,
      -0.00715971177452803,
      -0.00441094091132905,
      -0.0178110064708433,
      -0.00131633459472811,
      -0.0167322856029467,
      -0.00797869826996794,
      -0.00507869480671559,
      -0.0186626388415426,
      -0.00403644509900955,
      -0.00519145820228845,
      -0.00114025091806716,
      -0.0174753651707508,
      0,
      -0.0174753651707508,
      0,
      -0.00148981672180129,
      -0.0104022176532762,
      -0.00359482371853222,
      -0.00184340840562846,
      -0.0095986479976059,
      -0.00369486718667495,
      -0.00372487781917541,
      -0.000418956184263712,
      -0.00419854252623007,
      -0.00163589659341663,
      -0.0106328960778569,
      -0.000933754670208793,
      -0.0100227863002836,
      -0.00448407178086773,
      -0.00197188454348377,
      -0.0105694573991682,
      -0.00170331998209499,
      -0.00349910582612504,
      -0.000564074637689464,
      -0.0093760514929924,
      0,
      0,
      -0.0093760514929924,
      -0.00086842363636898,
      -0.00605216928363891,
      -0.00187656261144735,
      -0.000533075736443604,
      -0.00413701160982465,
      -0.00210045269255448,
      -0.00295477060033368,
      -0.000183816590279607,
      -0.00194273705624709,
      -0.00100143364427294,
      -0.0058134313929176,
      -0.000404523575830239,
      -0.00565320263301278,
      -0.00216468456156291,
      -0.00110008035612795,
      -0.0052657288471978,
      -0.00109547903052712,
      -0.00222074828494428,
      -0.000159644046392336,
      -0.00413918610270136,
      -0.0016120644384186,
      -0.00148981672180129,
      -0.00086842363636898,
      -0.00413918610270136,
      0,
      0,
      0,
      -0.00200897116580415,
      -0.000892141595239119,
      -0.0010756685559219,
      -0.000147873725145972,
      -0.000917284277608146,
      -0.000344799668269875,
      -0.00251635271638826,
      -0.000206809504030282,
      -0.00222523317783479,
      -0.00106159539908027,
      -0.000619976366223405,
      -0.00223495086764776,
      -0.000425918551598,
      -0.00105255523302629,
      -0.000158118276987104,
      -0.0349986290499339,
      -0.0167762708969229,
      -0.0104022176532762,
      -0.00605216928363891,
      0,
      -0.0349986290499339,
      0,
      0,
      -0.0188378715613824,
      -0.00749497012133773,
      -0.00666109792700786,
      -0.00182270758254777,
      -0.0078745742105265,
      -0.00366621119269001,
      -0.0212510428602356,
      -0.00156230602894291,
      -0.018986061317334,
      -0.00912846057508934,
      -0.005166830702699,
      -0.0212624109484075,
      -0.00423796577668307,
      -0.00615120592252562,
      -0.0012311278187432,
      -0.015297196622661,
      -0.0088401625787434,
      -0.00359482371853222,
      -0.00187656261144735,
      0,
      0,
      -0.015297196622661,
      0,
      -0.00939830385530073,
      -0.00226662678192006,
      -0.00253060621611691,
      -0.00102501839194153,
      -0.00351632165253042,
      -0.00211545218079487,
      -0.00881164236984695,
      -0.000750207022295907,
      -0.00893847218573688,
      -0.00364624595629554,
      -0.00191047410295166,
      -0.00894905759560382,
      -0.0019936272954961,
      -0.00277022474143762,
      -0.000515639246687027,
      -0.00692835853769336,
      -0.00389773148521438,
      -0.00184340840562846,
      -0.000533075736443604,
      0,
      0,
      0,
      -0.00692835853769336,
      -0.00470620128787023,
      -0.000842657566292138,
      -0.000791146985546955,
      -0.000493498383798874,
      -0.00188262494929738,
      -0.00127422870365542,
      -0.00352632476291936,
      -0.000307295362044684,
      -0.00413553221979345,
      -0.0015255195878403,
      -0.00091637097722653,
      -0.00417413318890002,
      -0.000680251572702995,
      -0.00130787117629279,
      -9.18125892321901e-05,
      -0.0350836005254195,
      -0.0191632680868226,
      -0.0095986479976059,
      -0.00413701160982465,
      -0.00200897116580415,
      -0.0188378715613824,
      -0.00939830385530073,
      -0.00470620128787023,
      -0.0350836005254195,
      0,
      0,
      0,
      -0.00700853559293489,
      -0.00352430771950756,
      -0.022078773100795,
      -0.00158782087194073,
      -0.0199728337413468,
      -0.00829423824878295,
      -0.0050690033903873,
      -0.0201613019343399,
      -0.00408573449937521,
      -0.00707240150464366,
      -0.000834055022828361,
      -0.0116089368815934,
      -0.005298454792491,
      -0.00369486718667495,
      -0.00210045269255448,
      -0.000892141595239119,
      -0.00749497012133773,
      -0.00226662678192006,
      -0.000842657566292138,
      0,
      -0.0116089368815934,
      0,
      0,
      -0.00328385297779003,
      -0.00179034674748928,
      -0.00616895017473684,
      -0.00044889345621527,
      -0.00615161968503437,
      -0.00320673175754558,
      -0.00175310558498374,
      -0.00718714275521356,
      -0.00148056414122273,
      -0.00206733979061624,
      -0.000412990513129499,
      -0.0111192694295574,
      -0.00415194381507131,
      -0.00372487781917541,
      -0.00295477060033368,
      -0.0010756685559219,
      -0.00666109792700786,
      -0.00253060621611691,
      -0.000791146985546955,
      0,
      0,
      -0.0111192694295574,
      0,
      -0.00361173556673851,
      -0.00201786956713844,
      -0.00531218257794839,
      -0.000550005664916887,
      -0.00615343963914749,
      -0.00302328149562919,
      -0.0013618707204136,
      -0.00714688162599898,
      -0.00155761863273598,
      -0.00144574786042274,
      -0.000667398998515664,
      -0.00349925136171517,
      -0.00238142814136609,
      -0.000418956184263712,
      -0.000183816590279607,
      -0.000147873725145972,
      -0.00182270758254777,
      -0.00102501839194153,
      -0.000493498383798874,
      0,
      0,
      0,
      -0.00349925136171517,
      -0.000300819121518299,
      -7.43531865586721e-05,
      -0.00256301975945802,
      -0.000226770583214944,
      -0.00196216694340701,
      -0.000836405001956358,
      -0.000437984555612746,
      -0.00204561674054227,
      -0.000263572788088038,
      -0.000667251992460553,
      -8.79381922212668e-05,
      -0.0142518537228111,
      -0.00715971177452803,
      -0.00419854252623007,
      -0.00194273705624709,
      -0.000917284277608146,
      -0.0078745742105265,
      -0.00351632165253042,
      -0.00188262494929738,
      -0.00700853559293489,
      -0.00328385297779003,
      -0.00361173556673851,
      -0.000300819121518299,
      -0.0142518537228111,
      0,
      0,
      -0.000753678241021816,
      -0.00850683792620446,
      -0.00311164318999688,
      -0.00179009396165308,
      -0.00844853950748069,
      -0.00186606881743222,
      -0.00259615295547875,
      -0.000442158331358362,
      -0.00740687722069395,
      -0.00441094091132905,
      -0.00163589659341663,
      -0.00100143364427294,
      -0.000344799668269875,
      -0.00366621119269001,
      -0.00211545218079487,
      -0.00127422870365542,
      -0.00352430771950756,
      -0.00179034674748928,
      -0.00201786956713844,
      -7.43531865586721e-05,
      0,
      -0.00740687722069395,
      0,
      -0.000273544877294809,
      -0.00382638204042266,
      -0.00239383065239625,
      -0.000885981351397454,
      -0.00473305385703333,
      -0.000808006502440554,
      -0.00120611757944765,
      -0.000267597118816189,
      -0.0363200064429307,
      -0.0178110064708433,
      -0.0106328960778569,
      -0.0058134313929176,
      -0.00251635271638826,
      -0.0212510428602356,
      -0.00881164236984695,
      -0.00352632476291936,
      -0.022078773100795,
      -0.00616895017473684,
      -0.00531218257794839,
      -0.00256301975945802,
      0,
      0,
      -0.0363200064429307,
      -0.00168223435187539,
      -0.0201366701462239,
      -0.00904020507591465,
      -0.00531632501363635,
      -0.0213627423193278,
      -0.00433837879528535,
      -0.00682002689784777,
      -0.00120097532416244,
      -0.00283816662644005,
      -0.00131633459472811,
      -0.000933754670208793,
      -0.000404523575830239,
      -0.000206809504030282,
      -0.00156230602894291,
      -0.000750207022295907,
      -0.000307295362044684,
      -0.00158782087194073,
      -0.00044889345621527,
      -0.000550005664916887,
      -0.000226770583214944,
      -0.000753678241021816,
      -0.000273544877294809,
      -0.00168223435187539,
      -0.00283816662644005,
      0,
      0,
      0,
      -0.00154900110911983,
      -0.000276341728242229,
      -0.000755212417291933,
      -8.05532707974883e-05,
      -0.0344569755217263,
      -0.0167322856029467,
      -0.0100227863002836,
      -0.00565320263301278,
      -0.00222523317783479,
      -0.018986061317334,
      -0.00893847218573688,
      -0.00413553221979345,
      -0.0199728337413468,
      -0.00615161968503437,
      -0.00615343963914749,
      -0.00196216694340701,
      -0.00850683792620446,
      -0.00382638204042266,
      -0.0201366701462239,
      0,
      -0.0344569755217263,
      0,
      0,
      -0.0204989360883882,
      -0.00396151411038565,
      -0.00645653656323151,
      -0.000960855445772351,
      -0.0154384810020585,
      -0.00797869826996794,
      -0.00448407178086773,
      -0.00216468456156291,
      -0.00106159539908027,
      -0.00912846057508934,
      -0.00364624595629554,
      -0.0015255195878403,
      -0.00829423824878295,
      -0.00320673175754558,
      -0.00302328149562919,
      -0.000836405001956358,
      -0.00311164318999688,
      -0.00239383065239625,
      -0.00904020507591465,
      0,
      0,
      -0.0154384810020585,
      0,
      -0.00919120839401799,
      -0.00191331614648342,
      -0.00265069791151883,
      -0.000580373337361886,
      -0.00866804023190375,
      -0.00507869480671559,
      -0.00197188454348377,
      -0.00110008035612795,
      -0.000619976366223405,
      -0.005166830702699,
      -0.00191047410295166,
      -0.00091637097722653,
      -0.0050690033903873,
      -0.00175310558498374,
      -0.0013618707204136,
      -0.000437984555612746,
      -0.00179009396165308,
      -0.000885981351397454,
      -0.00531632501363635,
      0,
      0,
      0,
      -0.00866804023190375,
      -0.00538735713398988,
      -0.00121913143602631,
      -0.00142594175454512,
      -0.000385494647602257,
      -0.036772114362367,
      -0.0186626388415426,
      -0.0105694573991682,
      -0.0052657288471978,
      -0.00223495086764776,
      -0.0212624109484075,
      -0.00894905759560382,
      -0.00417413318890002,
      -0.0201613019343399,
      -0.00718714275521356,
      -0.00714688162599898,
      -0.00204561674054227,
      -0.00844853950748069,
      -0.00473305385703333,
      -0.0213627423193278,
      -0.00154900110911983,
      -0.0204989360883882,
      -0.00919120839401799,
      -0.00538735713398988,
      -0.036772114362367,
      0,
      0,
      0,
      -0.0074044778083412,
      -0.00403644509900955,
      -0.00170331998209499,
      -0.00109547903052712,
      -0.000425918551598,
      -0.00423796577668307,
      -0.0019936272954961,
      -0.000680251572702995,
      -0.00408573449937521,
      -0.00148056414122273,
      -0.00155761863273598,
      -0.000263572788088038,
      -0.00186606881743222,
      -0.000808006502440554,
      -0.00433837879528535,
      -0.000276341728242229,
      -0.00396151411038565,
      -0.00191331614648342,
      -0.00121913143602631,
      0,
      -0.0074044778083412,
      0,
      0,
      -0.0113397050801737,
      -0.00519145820228845,
      -0.00349910582612504,
      -0.00222074828494428,
      -0.00105255523302629,
      -0.00615120592252562,
      -0.00277022474143762,
      -0.00130787117629279,
      -0.00707240150464366,
      -0.00206733979061624,
      -0.00144574786042274,
      -0.000667251992460553,
      -0.00259615295547875,
      -0.00120611757944765,
      -0.00682002689784777,
      -0.000755212417291933,
      -0.00645653656323151,
      -0.00265069791151883,
