[
  {
    "local_site":"homo_S1",
    "remote_site":"homo_S2",
    "model_index":    1,
    "beta_local":{
      "(Intercept)":      -1.36687627526249,
      "age[21,31)":      0.412715269335248,
      "age[31,72)":      1.2965442673183,
      "age[72,87)":      2.57836791200049,
      "age[87,)":      3.23867845216125
    },
    "variable":"age",
    "D1":[
      -0.0342413799832596,
      -0.00715911730553229,
      -0.00710707070707039,
      -0.0157802514944819,
      -0.00485714285712557
    ],
    "D2":[
      -0.220454477501702,
      -0.0316400781847867,
      -0.149339053565966,
      -0.0282031374796051,
      -0.0061079365079492,
      -0.0316400781847867,
      -0.0316400781847867,
      0,
      0,
      0,
      -0.149339053565966,
      0,
      -0.149339053565966,
      0,
      0,
      -0.0282031374796051,
      0,
      0,
      -0.0282031374796051,
      0,
      -0.0061079365079492,
      0,
      0,
      0,
      -0.0061079365079492
    ],
    "N_R":    2100
  },
  {
    "local_site":"homo_S1",
    "remote_site":"homo_S2",
    "model_index":    2,
    "beta_local":{
      "(Intercept)":      -0.14449784010439,
      "age[21,31)":      0.422791139213207,
      "age[31,72)":      1.31920091082074,
      "age[72,87)":      2.5604120915965,
      "age[87,)":      3.2106897069776,
      "triage_MAP[108,121)":      -1.47782881138705,
      "triage_MAP[121,)":      -1.16301417302448,
      "triage_MAP[73,83)":      -1.11599563675287,
      "triage_MAP[83,108)":      -1.27462295255076
    },
    "variable":[
"age",
"triage_MAP"
    ],
    "D1":[
      -0.0354621709000246,
      -0.00703105594193857,
      -0.00858854743115008,
      -0.0156240728542175,
      -0.00482820989678568,
      -0.00378858644782208,
      -0.00253045447991152,
      -0.00292669821554517,
      -0.0228568824364412
    ],
    "D2":[
      -0.21699860794949,
      -0.0312008720764942,
      -0.146656852790503,
      -0.0279508412670105,
      -0.00606770343262144,
      -0.0396271754290637,
      -0.0127017960432379,
      -0.0283772162444277,
      -0.128952538966187,
      -0.0312008720764942,
      -0.0312008720764942,
      0,
      0,
      0,
      -0.00321984523542006,
      -0.000590912424689776,
      -0.00441683505973756,
      -0.0220391027713536,
      -0.146656852790503,
      0,
      -0.146656852790503,
      0,
      0,
      -0.0294376330351642,
      -0.00999965843195498,
      -0.0171280946401302,
      -0.0850256948410405,
      -0.0279508412670105,
      0,
      0,
      -0.0279508412670105,
      0,
      -0.00510225264070622,
      -0.00205745643507266,
      -0.00472860255486016,
      -0.0152025461012947,
      -0.00606770343262144,
      0,
      0,
      0,
      -0.00606770343262144,
      -0.00140845307878551,
      -5.37687515204998e-05,
      -0.0010383214580137,
      -0.00332406755576711,
      -0.0396271754290637,
      -0.00321984523542006,
      -0.0294376330351642,
      -0.00510225264070622,
      -0.00140845307878551,
      -0.0396271754290637,
      0,
      0,
      0,
      -0.0127017960432379,
      -0.000590912424689776,
      -0.00999965843195498,
      -0.00205745643507266,
      -5.37687515204998e-05,
      0,
      -0.0127017960432379,
      0,
      0,
      -0.0283772162444277,
      -0.00441683505973756,
      -0.0171280946401302,
      -0.00472860255486016,
      -0.0010383214580137,
      0,
      0,
      -0.0283772162444277,
      0,
      -0.128952538966187,
      -0.0220391027713536,
      -0.0850256948410405,
      -0.0152025461012947,
      -0.00332406755576711,
      0,
      0,
      0,
      -0.128952538966187
    ],
    "N_R":    2100
  },
  {
    "local_site":"homo_S1",
    "remote_site":"homo_S2",
    "model_index":    3,
    "beta_local":{
      "(Intercept)":      -0.479626681861384,
      "age[21,31)":      0.471065814132823,
      "age[31,72)":      1.48271530487071,
      "age[72,87)":      2.82614819835579,
      "age[87,)":      3.45833770701479,
      "triage_MAP[108,121)":      -1.61418715263777,
      "triage_MAP[121,)":      -1.33604145212681,
      "triage_MAP[73,83)":      -1.14879843414555,
      "triage_MAP[83,108)":      -1.35728513027951,
      "triage_heartrate[116,)":      1.34565454841362,
      "triage_heartrate[60,70)":      -0.328341819121933,
      "triage_heartrate[70,99)":      0.197071595586101,
      "triage_heartrate[99,116)":      0.694163388524836
    },
    "variable":[
"age",
"triage_MAP",
"triage_heartrate"
    ],
    "D1":[
      -0.0349002764797892,
      -0.0054644025471231,
      -0.0101523929305611,
      -0.0157254999854035,
      -0.0042007525546569,
      -0.00466106140228324,
      -0.00276215344037891,
      -0.00258255229386001,
      -0.0214296876856757,
      -0.00261745790819865,
      0.00334505702858934,
      -0.0146694311865511,
      -0.0187166706790362
    ],
    "D2":[
      -0.210459777321586,
      -0.029676553147773,
      -0.142146391525867,
      -0.0272905623159883,
      -0.00642098805261894,
      -0.0385078806550702,
      -0.0124589734332616,
      -0.0273641119118245,
      -0.125137350111454,
      -0.00994851566257173,
      -0.0265975642478621,
      -0.131172139332279,
      -0.0341952021183508,
      -0.029676553147773,
      -0.029676553147773,
      0,
      0,
      0,
      -0.00311196820347442,
      -0.000658819622181989,
      -0.00409568767209764,
      -0.0208695862280026,
      -0.00261329195595027,
      -0.00222121594428599,
      -0.0190821048327922,
      -0.00514958040736187,
      -0.142146391525867,
      0,
      -0.142146391525867,
      0,
      0,
      -0.0285404392218337,
      -0.0095955900640573,
      -0.0163953027741439,
      -0.0827381834862716,
      -0.00574975404444321,
      -0.0153238921652812,
      -0.0902483719247549,
      -0.0255152719260101,
      -0.0272905623159883,
      0,
      0,
      -0.0272905623159883,
      0,
      -0.00486723066663445,
      -0.00214823495761237,
      -0.00477465453908707,
      -0.0147852821375869,
      -0.000628218256892396,
      -0.00664228389442664,
      -0.0161095276282719,
      -0.00228950617167491,
      -0.00642098805261894,
      0,
      0,
      0,
      -0.00642098805261894,
      -0.00148890517022033,
      -5.63287894098935e-05,
      -0.00108788114622632,
      -0.00354817984047919,
      -7.21743891068352e-05,
      -0.00202944580391617,
      -0.00326609491503515,
      -0.000234454171964217,
      -0.0385078806550702,
      -0.00311196820347442,
      -0.0285404392218337,
      -0.00486723066663445,
      -0.00148890517022033,
      -0.0385078806550702,
      0,
      0,
      0,
      -0.00207096051782614,
      -0.00381386810891057,
      -0.0223826577132674,
      -0.00944283830194923,
      -0.0124589734332616,
      -0.000658819622181989,
      -0.0095955900640573,
      -0.00214823495761237,
      -5.63287894098935e-05,
      0,
      -0.0124589734332616,
      0,
      0,
      -0.00123246613364964,
      -0.00138499659815594,
      -0.00724955879648698,
      -0.00224452699972918,
      -0.0273641119118245,
      -0.00409568767209764,
      -0.0163953027741439,
      -0.00477465453908707,
      -0.00108788114622632,
      0,
      0,
      -0.0273641119118245,
      0,
      -0.00119872601558708,
      -0.00579748917394056,
      -0.0152380895211461,
      -0.0033441530498261,
      -0.125137350111454,
      -0.0208695862280026,
      -0.0827381834862716,
      -0.0147852821375869,
      -0.00354817984047919,
      0,
      0,
      0,
      -0.125137350111454,
      -0.00533669714783948,
      -0.0144427777824145,
      -0.0820219969525368,
      -0.018388478491147,
      -0.00994851566257173,
      -0.00261329195595027,
      -0.00574975404444321,
      -0.000628218256892396,
      -7.21743891068352e-05,
      -0.00207096051782614,
      -0.00123246613364964,
      -0.00119872601558708,
      -0.00533669714783948,
      -0.00994851566257173,
      0,
      0,
      0,
      -0.0265975642478621,
      -0.00222121594428599,
      -0.0153238921652812,
      -0.00664228389442664,
      -0.00202944580391617,
      -0.00381386810891057,
      -0.00138499659815594,
      -0.00579748917394056,
      -0.0144427777824145,
      0,
      -0.0265975642478621,
      0,
      0,
      -0.131172139332279,
      -0.0190821048327922,
      -0.0902483719247549,
      -0.0161095276282719,
      -0.00326609491503515,
      -0.0223826577132674,
      -0.00724955879648698,
      -0.0152380895211461,
      -0.0820219969525368,
      0,
      0,
      -0.131172139332279,
      0,
      -0.0341952021183508,
      -0.00514958040736187,
      -0.0255152719260101,
      -0.00228950617167491,
      -0.000234454171964217,
      -0.00944283830194923,
      -0.00224452699972918,
      -0.0033441530498261,
      -0.018388478491147,
      0,
      0,
      0,
      -0.0341952021183508
    ],
    "N_R":    2100
  },
  {
    "local_site":"homo_S1",
    "remote_site":"homo_S2",
    "model_index":    4,
    "beta_local":{
      "(Intercept)":      -0.304708568751389,
      "age[21,31)":      0.459058445746996,
      "age[31,72)":      1.48252403064249,
      "age[72,87)":      2.8369446111288,
      "age[87,)":      3.4803520936714,
      "triage_MAP[108,121)":      -1.61132562817219,
      "triage_MAP[121,)":      -1.33144528006106,
      "triage_MAP[73,83)":      -1.13533180505075,
      "triage_MAP[83,108)":      -1.34088005412098,
      "triage_heartrate[116,)":      1.32685654869459,
      "triage_heartrate[60,70)":      -0.31023506039051,
      "triage_heartrate[70,99)":      0.204574809140875,
      "triage_heartrate[99,116)":      0.678595093729208,
      "triage_temperature[36,37)":      -0.253665129363494,
      "triage_temperature[37,)":      -0.0487845028053623
    },
    "variable":[
"age",
"triage_MAP",
"triage_heartrate",
"triage_temperature"
    ],
    "D1":[
      -0.034383948527148,
      -0.00532815724161636,
      -0.0094138755680404,
      -0.0158284595386582,
      -0.0042622884471622,
      -0.0043183728641712,
      -0.00262507461721392,
      -0.00241944226285588,
      -0.0216084200993575,
      -0.00265278900292492,
      0.00319747611015571,
      -0.0143303312264001,
      -0.0183948819147155,
      -0.0232518723224478,
      -0.00629756792032421
    ],
    "D2":[
      -0.210032210779126,
      -0.0295341887100385,
      -0.141883987484461,
      -0.0272455052712721,
      -0.00637462987775594,
      -0.0384081045545989,
      -0.0124376946378885,
      -0.027364461114686,
      -0.124816559929822,
      -0.00998622192170171,
      -0.0264145219118586,
      -0.13088369027388,
      -0.0342084562380836,
      -0.150551725686515,
      -0.0501111653596363,
      -0.0295341887100385,
      -0.0295341887100385,
      0,
      0,
      0,
      -0.00308573677645762,
      -0.000653991625861814,
      -0.00407167634730199,
      -0.020787067747824,
      -0.00260748350220983,
      -0.00219657789393226,
      -0.0189886932402586,
      -0.00512196551255305,
      -0.0193059547838684,
      -0.00926901536008205,
      -0.141883987484461,
      0,
      -0.141883987484461,
      0,
      0,
      -0.0284392413392612,
      -0.00960682346516801,
      -0.0164145705745216,
      -0.0825142202717102,
      -0.00577210688856267,
      -0.0152616271072785,
      -0.0900799641463216,
      -0.0254852570492352,
      -0.102845884676906,
      -0.0325703074666488,
      -0.0272455052712721,
      0,
      0,
      -0.0272455052712721,
      0,
      -0.00486911099203446,
      -0.00212688216548672,
      -0.0047624974531865,
      -0.014781923802823,
      -0.000629254049670928,
      -0.00657267513771206,
      -0.0160817375573914,
      -0.00234066774216494,
      -0.02086207082476,
      -0.00507692884289893,
      -0.00637462987775594,
      0,
      0,
      0,
      -0.00637462987775594,
      -0.00150418216541184,
      -4.99973813719893e-05,
      -0.00108157239741241,
      -0.00349852468922066,
      -7.24552177812581e-05,
      -0.00199763619770419,
      -0.00323369726988949,
      -0.000245108215509185,
      -0.00505269936601007,
      -0.00125201252643622,
      -0.0384081045545989,
      -0.00308573677645762,
      -0.0284392413392612,
      -0.00486911099203446,
      -0.00150418216541184,
      -0.0384081045545989,
      0,
      0,
      0,
      -0.00208123317042322,
      -0.00379353959944253,
      -0.0222882542701412,
      -0.0094499422497894,
      -0.0268268011593531,
      -0.00918823904060553,
      -0.0124376946378885,
      -0.000653991625861814,
      -0.00960682346516801,
      -0.00212688216548672,
      -4.99973813719893e-05,
      0,
      -0.0124376946378885,
      0,
      0,
      -0.00124317710113314,
      -0.00138208707713159,
      -0.00718952515112503,
      -0.00227196564534933,
      -0.00891895612961513,
      -0.00304410183309492,
      -0.027364461114686,
      -0.00407167634730199,
      -0.0164145705745216,
      -0.0047624974531865,
      -0.00108157239741241,
      0,
      0,
      -0.027364461114686,
      0,
      -0.00123572766367577,
      -0.0057534443152316,
      -0.0151995351760037,
      -0.00338391871040939,
      -0.0204718087055324,
      -0.00610974491077599,
      -0.124816559929822,
      -0.020787067747824,
      -0.0825142202717102,
      -0.014781923802823,
      -0.00349852468922066,
      0,
      0,
      0,
      -0.124816559929822,
      -0.00531840358333273,
      -0.0143500554443306,
      -0.0818766562044014,
      -0.0183392486917509,
      -0.0894359563227023,
      -0.0299013751604846,
      -0.00998622192170171,
      -0.00260748350220983,
      -0.00577210688856267,
      -0.000629254049670928,
      -7.24552177812581e-05,
      -0.00208123317042322,
      -0.00124317710113314,
      -0.00123572766367577,
      -0.00531840358333273,
      -0.00998622192170171,
      0,
      0,
      0,
      -0.00562969134736764,
      -0.00413269349855854,
      -0.0264145219118586,
      -0.00219657789393226,
      -0.0152616271072785,
      -0.00657267513771206,
      -0.00199763619770419,
      -0.00379353959944253,
      -0.00138208707713159,
      -0.0057534443152316,
      -0.0143500554443306,
      0,
      -0.0264145219118586,
      0,
      0,
      -0.0202128253663879,
      -0.00484541748725055,
      -0.13088369027388,
      -0.0189886932402586,
      -0.0900799641463216,
      -0.0160817375573914,
      -0.00323369726988949,
      -0.0222882542701412,
      -0.00718952515112503,
      -0.0151995351760037,
      -0.0818766562044014,
      0,
      0,
      -0.13088369027388,
      0,
      -0.0961155699847138,
      -0.0297952208564089,
      -0.0342084562380836,
      -0.00512196551255305,
      -0.0254852570492352,
      -0.00234066774216494,
      -0.000245108215509185,
      -0.0094499422497894,
      -0.00227196564534933,
      -0.00338391871040939,
      -0.0183392486917509,
      0,
      0,
      0,
      -0.0342084562380836,
      -0.0222028296084381,
      -0.0103546691935965,
      -0.150551725686515,
      -0.0193059547838684,
      -0.102845884676906,
      -0.02086207082476,
      -0.00505269936601007,
      -0.0268268011593531,
      -0.00891895612961513,
      -0.0204718087055324,
      -0.0894359563227023,
      -0.00562969134736764,
      -0.0202128253663879,
      -0.0961155699847138,
      -0.0222028296084381,
      -0.150551725686515,
      0,
      -0.0501111653596363,
      -0.00926901536008205,
      -0.0325703074666488,
      -0.00507692884289893,
      -0.00125201252643622,
      -0.00918823904060553,
      -0.00304410183309492,
      -0.00610974491077599,
      -0.0299013751604846,
      -0.00413269349855854,
      -0.00484541748725055,
      -0.0297952208564089,
      -0.0103546691935965,
      0,
      -0.0501111653596363
    ],
    "N_R":    2100
  },
  {
    "local_site":"homo_S1",
    "remote_site":"homo_S2",
    "model_index":    5,
    "beta_local":{
      "(Intercept)":      0.751705245728734,
      "age[21,31)":      0.437057690304907,
      "age[31,72)":      1.38844493648329,
      "age[72,87)":      2.7095581380379,
      "age[87,)":      3.29844585504625,
      "triage_MAP[108,121)":      -1.59795623250852,
      "triage_MAP[121,)":      -1.3258668845323,
      "triage_MAP[73,83)":      -1.11608376646774,
      "triage_MAP[83,108)":      -1.31652822680043,
      "triage_heartrate[116,)":      1.19576280082945,
      "triage_heartrate[60,70)":      -0.34378317650209,
      "triage_heartrate[70,99)":      0.149658762101475,
      "triage_heartrate[99,116)":      0.595719372734913,
      "triage_temperature[36,37)":      -0.212869795832929,
      "triage_temperature[37,)":      -0.0126732432181254,
      "triage_o2sat[95,97)":      -0.503609425022023,
      "triage_o2sat[97,)":      -1.06950974207421
    },
    "variable":[
"age",
"triage_MAP",
"triage_heartrate",
"triage_temperature",
"triage_o2sat"
    ],
    "D1":[
      -0.0326523162359881,
      -0.00574422753210235,
      -0.00720651474882434,
      -0.0160628008085788,
      -0.00417988738093221,
      -0.00289865989590005,
      -0.00205337557348062,
      -0.0022290711412373,
      -0.0217050424363612,
      -0.00219883052817565,
      0.00353664140491725,
      -0.0137994750020476,
      -0.0176864236498749,
      -0.0209029058867273,
      -0.00725163719422077,
      -0.00862661303106356,
      -0.021760612419812
    ],
    "D2":[
      -0.207180062593135,
      -0.0293668548422732,
      -0.139809542327914,
      -0.0266634213230468,
      -0.0063647449819086,
      -0.0378394903585996,
      -0.0123456499829224,
      -0.0270216745007766,
      -0.123176244973786,
      -0.0099526493522982,
      -0.0261162227815989,
      -0.129007165832547,
      -0.0336459387412472,
      -0.149136797863676,
      -0.0488562872029919,
      -0.0203112673390018,
      -0.180973865561459,
      -0.0293668548422732,
      -0.0293668548422732,
      0,
      0,
      0,
      -0.00305856550285659,
      -0.000647737206812339,
      -0.00408621386420098,
      -0.0207099407758423,
      -0.0025660353397785,
      -0.00222938041275947,
      -0.0188476712687441,
      -0.00509910922266727,
      -0.0191800716244801,
      -0.00925450905560959,
      -0.00167713727985819,
      -0.027064537656006,
      -0.139809542327914,
      0,
      -0.139809542327914,
      0,
      0,
      -0.0281078796928005,
      -0.00955919265674362,
      -0.0161496570418734,
      -0.0811838113502754,
      -0.0058755793624634,
      -0.015021035034422,
      -0.0886636408857261,
      -0.0250737577144946,
      -0.101570419093943,
      -0.0318322578082698,
      -0.0139387703813753,
      -0.121843402933329,
      -0.0266634213230468,
      0,
      0,
      -0.0266634213230468,
      0,
      -0.00468811787843993,
      -0.00211435121793096,
      -0.00471681298629136,
      -0.014461274149179,
      -0.000543225382304304,
      -0.00650792268988627,
      -0.015771123316867,
      -0.00223323408992987,
      -0.0207923536167663,
      -0.0046539981003805,
      -0.00340308831570791,
      -0.0221905714027641,
      -0.0063647449819086,
      0,
      0,
      0,
      -0.0063647449819086,
      -0.00148622985291234,
      -2.4368901435476e-05,
      -0.00103948223667706,
      -0.00358980769808561,
      -8.14924498954897e-05,
      -0.00197020556041606,
      -0.00321665511776285,
      -0.00024037635501668,
      -0.00511730315967425,
      -0.00116823125518526,
      -0.00119572334639145,
      -0.00499640246703671,
      -0.0378394903585996,
      -0.00305856550285659,
      -0.0281078796928005,
      -0.00468811787843993,
      -0.00148622985291234,
      -0.0378394903585996,
      0,
      0,
      0,
      -0.00216951403048692,
      -0.0037396184119113,
      -0.0218246048134589,
      -0.00932555590539182,
      -0.0264786602203462,
      -0.00895671086151479,
      -0.00357021704664024,
      -0.0333776428393436,
      -0.0123456499829224,
      -0.000647737206812339,
      -0.00955919265674362,
      -0.00211435121793096,
      -2.4368901435476e-05,
      0,
      -0.0123456499829224,
      0,
      0,
      -0.00132284137309377,
      -0.00132376458362423,
      -0.00704392409924772,
      -0.00230810306186011,
      -0.00890310684185445,
      -0.00297660993228807,
      -0.000906584633601778,
      -0.0110446933294043,
      -0.0270216745007766,
      -0.00408621386420098,
      -0.0161496570418734,
      -0.00471681298629136,
      -0.00103948223667706,
      0,
      0,
      -0.0270216745007766,
      0,
      -0.00130209556622793,
      -0.00576580939784142,
      -0.0149280422422887,
      -0.00324145373956083,
      -0.0202334635450366,
      -0.00599083644426364,
      -0.00220252044448642,
      -0.0239475973829436,
      -0.123176244973786,
      -0.0207099407758423,
      -0.0811838113502754,
      -0.014461274149179,
      -0.00358980769808561,
      0,
      0,
      0,
      -0.123176244973786,
      -0.00507860498529451,
      -0.0141593919999664,
      -0.0809742469087203,
      -0.018020463641514,
      -0.0887226743888148,
      -0.0291418984250698,
      -0.0126732190637934,
      -0.107122830520958,
      -0.0099526493522982,
      -0.0025660353397785,
      -0.0058755793624634,
      -0.000543225382304304,
      -8.14924498954897e-05,
      -0.00216951403048692,
      -0.00132284137309377,
      -0.00130209556622793,
      -0.00507860498529451,
      -0.0099526493522982,
      0,
      0,
      0,
      -0.00566181680162353,
      -0.00406621373558802,
      -0.000810652823975887,
      -0.00871454088542332,
      -0.0261162227815989,
      -0.00222938041275947,
      -0.015021035034422,
      -0.00650792268988627,
      -0.00197020556041606,
      -0.0037396184119113,
      -0.00132376458362423,
      -0.00576580939784142,
      -0.0141593919999664,
      0,
      -0.0261162227815989,
      0,
      0,
      -0.0200615239715436,
      -0.00471984742364964,
      -0.00218989921754731,
      -0.0232994283959654,
      -0.129007165832547,
      -0.0188476712687441,
      -0.0886636408857261,
      -0.015771123316867,
      -0.00321665511776285,
      -0.0218246048134589,
      -0.00704392409924772,
      -0.0149280422422887,
      -0.0809742469087203,
      0,
      0,
      -0.129007165832547,
      0,
      -0.0951267094702428,
      -0.0289954791933422,
      -0.0131181164663475,
      -0.112352116039102,
      -0.0336459387412472,
      -0.00509910922266727,
      -0.0250737577144946,
      -0.00223323408992987,
      -0.00024037635501668,
      -0.00932555590539182,
      -0.00230810306186011,
      -0.00324145373956083,
      -0.018020463641514,
      0,
      0,
      0,
      -0.0336459387412472,
      -0.0219627960423209,
      -0.0100659173205094,
      -0.00328748111604779,
      -0.029261073511619,
      -0.149136797863676,
      -0.0191800716244801,
      -0.101570419093943,
      -0.0207923536167663,
      -0.00511730315967425,
      -0.0264786602203462,
      -0.00890310684185445,
      -0.0202334635450366,
      -0.0887226743888148,
      -0.00566181680162353,
      -0.0200615239715436,
      -0.0951267094702428,
      -0.0219627960423209,
      -0.149136797863676,
      0,
      -0.0136958688365527,
      -0.131747995261438,
      -0.0488562872029919,
      -0.00925450905560959,
      -0.0318322578082698,
      -0.0046539981003805,
      -0.00116823125518526,
      -0.00895671086151479,
      -0.00297660993228807,
      -0.00599083644426364,
      -0.0291418984250698,
      -0.00406621373558802,
      -0.00471984742364964,
      -0.0289954791933422,
      -0.0100659173205094,
      0,
      -0.0488562872029919,
      -0.00564734266932395,
      -0.0412205161663375,
      -0.0203112673390018,
      -0.00167713727985819,
      -0.0139387703813753,
      -0.00340308831570791,
      -0.00119572334639145,
      -0.00357021704664024,
      -0.000906584633601778,
      -0.00220252044448642,
      -0.0126732190637934,
      -0.000810652823975887,
      -0.00218989921754731,
      -0.0131181164663475,
      -0.00328748111604779,
      -0.0136958688365527,
      -0.00564734266932395,
      -0.0203112673390018,
      0,
      -0.180973865561459,
      -0.027064537656006,
      -0.121843402933329,
      -0.0221905714027641,
      -0.00499640246703671,
      -0.0333776428393436,
      -0.0110446933294043,
      -0.0239475973829436,
      -0.107122830520958,
      -0.00871454088542332,
      -0.0232994283959654,
      -0.112352116039102,
      -0.029261073511619,
      -0.131747995261438,
      -0.0412205161663375,
      0,
      -0.180973865561459
    ],
    "N_R":    2100
  },
  {
    "local_site":"homo_S1",
    "remote_site":"homo_S2",
    "model_index":    6,
    "beta_local":{
      "(Intercept)":      0.674725607283703,
      "age[21,31)":      0.433027452866707,
      "age[31,72)":      1.38148022501971,
      "age[72,87)":      2.70526017264521,
      "age[87,)":      3.30705628386879,
      "triage_MAP[108,121)":      -1.62216350187371,
      "triage_MAP[121,)":      -1.34111854369419,
      "triage_MAP[73,83)":      -1.13103750461502,
      "triage_MAP[83,108)":      -1.3440470855062,
      "triage_heartrate[116,)":      1.22166493721273,
      "triage_heartrate[60,70)":      -0.356944015261861,
      "triage_heartrate[70,99)":      0.145168513049899,
      "triage_heartrate[99,116)":      0.596722485632594,
      "triage_temperature[36,37)":      -0.217644881922666,
      "triage_temperature[37,)":      -0.0220830552375052,
      "triage_o2sat[95,97)":      -0.506313662580679,
      "triage_o2sat[97,)":      -1.04681022361668,
      "genderM":      0.211199714057768
    },
    "variable":[
"age",
"triage_MAP",
"triage_heartrate",
"triage_temperature",
"triage_o2sat",
"gender"
    ],
    "D1":[
      -0.0346361602338532,
      -0.0056306563994514,
      -0.00914430546433104,
      -0.0161909610624926,
      -0.00409283847925074,
      -0.00361505397065062,
      -0.00257039262330879,
      -0.00215233737107139,
      -0.0224410222647444,
      -0.00250460600033871,
      0.00344718919605125,
      -0.0145440334700359,
      -0.0182285422118072,
      -0.0224547618357663,
      -0.00742053320702468,
      -0.00846615615381883,
      -0.0239559858534908,
      -0.0161461731563995
    ],
    "D2":[
      -0.206815709009026,
      -0.0292569434557396,
      -0.139548992027929,
      -0.0265487070018174,
      -0.00641662045821286,
      -0.037942993742334,
      -0.0123484079143509,
      -0.026917141623835,
      -0.122864485289722,
      -0.00982993884952827,
      -0.0261317202792152,
      -0.128986748537837,
      -0.0334242849406408,
      -0.149044497262382,
      -0.048585111171973,
      -0.0203835433919074,
      -0.180529458075553,
      -0.102847022695956,
      -0.0292569434557396,
      -0.0292569434557396,
      0,
      0,
      0,
      -0.00311081686158132,
      -0.000660983376456441,
      -0.00403521723169282,
      -0.0205818306779674,
      -0.00254604602232921,
      -0.00222783487958838,
      -0.018804804027799,
      -0.00503992122497093,
      -0.0191426908169769,
      -0.00915388784512189,
      -0.00165930541566268,
      -0.0269726472954032,
      -0.0125452808181377,
      -0.139548992027929,
      0,
      -0.139548992027929,
      0,
      0,
      -0.0281306869768103,
      -0.00954322773970653,
      -0.0160769149159813,
      -0.0810289830202095,
      -0.00578683450196982,
      -0.015021739141603,
      -0.0886066701892586,
      -0.0249694644392311,
      -0.101468961963016,
      -0.0316922659598972,
      -0.013927440752751,
      -0.121606521438296,
      -0.0731947048846505,
      -0.0265487070018174,
      0,
      0,
      -0.0265487070018174,
      0,
      -0.00466446889567219,
      -0.00212219135219434,
      -0.0047197975736921,
      -0.0143699371772121,
      -0.000535597482339833,
      -0.00651986780936093,
      -0.0157661260399862,
      -0.00217419777088829,
      -0.0207081198278618,
      -0.00464134840441609,
      -0.0034458557275433,
      -0.0220184889826037,
      -0.012385850096451,
      -0.00641662045821286,
      0,
      0,
      0,
      -0.00641662045821286,
      -0.00152644775825364,
      -2.20054459936233e-05,
      -0.00104188894538419,
      -0.00361157532731459,
      -8.26992114636695e-05,
      -0.00195890982054817,
      -0.00325596345428815,
      -0.000242888118834874,
      -0.00519416542757315,
      -0.00113929227569125,
      -0.00125070404233098,
      -0.00498759174754158,
      -0.00210918524432383,
      -0.037942993742334,
      -0.00311081686158132,
      -0.0281306869768103,
      -0.00466446889567219,
      -0.00152644775825364,
      -0.037942993742334,
      0,
      0,
      0,
      -0.00213106930266668,
      -0.00380851901704798,
      -0.0219276605978636,
      -0.00929349918448446,
      -0.0265542847287464,
      -0.00898279281673543,
      -0.00358861897954256,
      -0.0334633584574981,
      -0.020524415978186,
      -0.0123484079143509,
      -0.000660983376456441,
      -0.00954322773970653,
      -0.00212219135219434,
      -2.20054459936233e-05,
      0,
      -0.0123484079143509,
      0,
      0,
      -0.00130889716926718,
      -0.0013424699067378,
      -0.00704722847322042,
      -0.00229687172079122,
      -0.0089034347678651,
      -0.0029796965329832,
      -0.000904293772022473,
      -0.0110511445666403,
      -0.00740768539311105,
      -0.026917141623835,
      -0.00403521723169282,
      -0.0160769149159813,
      -0.0047197975736921,
      -0.00104188894538419,
      0,
      0,
      -0.026917141623835,
      0,
      -0.00129579927729965,
      -0.00571865204129843,
      -0.0149226020431826,
      -0.00318047082631079,
      -0.0201986199928893,
      -0.00593832534371452,
      -0.00225131460121169,
      -0.0238133662544165,
      -0.0106619133179759,
      -0.122864485289722,
      -0.0205818306779674,
      -0.0810289830202095,
      -0.0143699371772121,
      -0.00361157532731459,
      0,
      0,
      0,
      -0.122864485289722,
      -0.00502009300764876,
      -0.0141411786810511,
      -0.0808615033933476,
      -0.0179183816219716,
      -0.0886123737138683,
      -0.0289227272574896,
      -0.0126800968672024,
      -0.106772684550677,
      -0.0615114344339529,
      -0.00982993884952827,
      -0.00254604602232921,
      -0.00578683450196982,
      -0.000535597482339833,
      -8.26992114636695e-05,
      -0.00213106930266668,
      -0.00130889716926718,
      -0.00129579927729965,
      -0.00502009300764876,
      -0.00982993884952827,
      0,
      0,
      0,
      -0.00562266357847591,
      -0.00398945536141105,
      -0.000794828073131679,
      -0.00860930034735915,
      -0.0044635954951489,
      -0.0261317202792152,
      -0.00222783487958838,
      -0.015021739141603,
      -0.00651986780936093,
      -0.00195890982054817,
      -0.00380851901704798,
      -0.0013424699067378,
      -0.00571865204129843,
      -0.0141411786810511,
      0,
      -0.0261317202792152,
      0,
      0,
      -0.0200778445630226,
      -0.00468449682378219,
      -0.00222878548775097,
      -0.0232636209288643,
      -0.0132123729884469,
      -0.128986748537837,
      -0.018804804027799,
      -0.0886066701892586,
      -0.0157661260399862,
      -0.00325596345428815,
      -0.0219276605978636,
      -0.00704722847322042,
      -0.0149226020431826,
      -0.0808615033933476,
      0,
      0,
      -0.128986748537837,
      0,
      -0.0951998504759364,
      -0.0289021797638773,
      -0.0131972787947293,
      -0.11224046148249,
      -0.0630968941104354,
      -0.0334242849406408,
      -0.00503992122497093,
      -0.0249694644392311,
      -0.00217419777088829,
      -0.000242888118834874,
      -0.00929349918448446,
      -0.00229687172079122,
      -0.00318047082631079,
      -0.0179183816219716,
      0,
      0,
      0,
      -0.0334242849406408,
      -0.0218229643755275,
      -0.0100042486381982,
      -0.00325695307859973,
      -0.029072755856768,
      -0.0171043389772358,
      -0.149044497262382,
      -0.0191426908169769,
      -0.101468961963016,
      -0.0207081198278618,
      -0.00519416542757315,
      -0.0265542847287464,
      -0.0089034347678651,
      -0.0201986199928893,
      -0.0886123737138683,
      -0.00562266357847591,
      -0.0200778445630226,
      -0.0951998504759364,
      -0.0218229643755275,
      -0.149044497262382,
      0,
      -0.0137883054141723,
      -0.131558580365601,
      -0.0742806255057124,
      -0.048585111171973,
      -0.00915388784512189,
      -0.0316922659598972,
      -0.00464134840441609,
      -0.00113929227569125,
      -0.00898279281673543,
      -0.0029796965329832,
      -0.00593832534371452,
      -0.0289227272574896,
      -0.00398945536141105,
      -0.00468449682378219,
      -0.0289021797638773,
      -0.0100042486381982,
      0,
      -0.048585111171973,
      -0.00562910248327218,
      -0.0409689473238226,
      -0.0233588047779027,
      -0.0203835433919074,
      -0.00165930541566268,
      -0.013927440752751,
      -0.0034458557275433,
      -0.00125070404233098,
      -0.00358861897954256,
      -0.000904293772022473,
      -0.00225131460121169,
      -0.0126800968672024,
      -0.000794828073131679,
      -0.00222878548775097,
      -0.0131972787947293,
      -0.00325695307859973,
      -0.0137883054141723,
      -0.00562910248327218,
      -0.0203835433919074,
      0,
      -0.0104509398521059,
      -0.180529458075553,
      -0.0269726472954032,
      -0.121606521438296,
      -0.0220184889826037,
      -0.00498759174754158,
      -0.0334633584574981,
      -0.0110511445666403,
      -0.0238133662544165,
      -0.106772684550677,
      -0.00860930034735915,
      -0.0232636209288643,
      -0.11224046148249,
      -0.029072755856768,
      -0.131558580365601,
      -0.0409689473238226,
      0,
      -0.180529458075553,
      -0.0895383574620443,
      -0.102847022695956,
      -0.0125452808181377,
      -0.0731947048846505,
      -0.012385850096451,
      -0.00210918524432383,
      -0.020524415978186,
      -0.00740768539311105,
      -0.0106619133179759,
      -0.0615114344339529,
      -0.0044635954951489,
      -0.0132123729884469,
      -0.0630968941104354,
      -0.0171043389772358,
      -0.0742806255057124,
      -0.0233588047779027,
      -0.0104509398521059,
      -0.0895383574620443,
      -0.102847022695956
    ],
    "N_R":    2100
  },
  {
    "local_site":"homo_S1",
    "remote_site":"homo_S2",
    "model_index":    7,
    "beta_local":{
      "(Intercept)":      0.589950092340472,
      "age[21,31)":      0.430131813921493,
      "age[31,72)":      1.33727497370662,
      "age[72,87)":      2.62173700734237,
      "age[87,)":      3.14013499408622,
      "triage_MAP[108,121)":      -1.59428668512067,
      "triage_MAP[121,)":      -1.35514886363837,
      "triage_MAP[73,83)":      -1.13171927750115,
      "triage_MAP[83,108)":      -1.31848287518525,
      "triage_heartrate[116,)":      1.28218941257372,
      "triage_heartrate[60,70)":      -0.305328797687769,
      "triage_heartrate[70,99)":      0.194472797963379,
      "triage_heartrate[99,116)":      0.633603632008216,
      "triage_temperature[36,37)":      -0.231901242667375,
      "triage_temperature[37,)":      -0.0453770855373617,
      "triage_o2sat[95,97)":      -0.471252336623464,
      "triage_o2sat[97,)":      -1.00426336553671,
      "genderM":      0.193553917101247,
      "cci_CHF1":      0.6479572670019
    },
    "variable":[
"age",
"triage_MAP",
"triage_heartrate",
"triage_temperature",
"triage_o2sat",
"gender",
"cci_CHF"
    ],
    "D1":[
      -0.0351291812366618,
      -0.00554834690737772,
      -0.00915763185833497,
      -0.0169252462410714,
      -0.0039275649976526,
      -0.00327521073196762,
      -0.00230343903746249,
      -0.00221922021858939,
      -0.0230860846677385,
      -0.0027005333149487,
      0.00298415520909758,
      -0.0152992185326935,
      -0.0174931528432276,
      -0.023616346864073,
      -0.0068418749802674,
      -0.00883344624960266,
      -0.0243131921469192,
      -0.0157817717914327,
      -0.000675181014958043
    ],
    "D2":[
      -0.205298197924812,
      -0.0292673435495763,
      -0.138598407271617,
      -0.0259218121698525,
      -0.00646799050096067,
      -0.0378851873163557,
      -0.012234127066823,
      -0.0265475826086018,
      -0.12215795122495,
      -0.00971422420839151,
      -0.0258762073663349,
      -0.127930729067644,
      -0.0333804813376792,
      -0.147759383197071,
      -0.0483754717252877,
      -0.0201520331978441,
      -0.179176592510945,
      -0.101888999390084,
      -0.0148997937606125,
      -0.0292673435495763,
      -0.0292673435495763,
      0,
      0,
      0,
      -0.00311501415916481,
      -0.000656112933310921,
      -0.00399667182743243,
      -0.0206247934636224,
      -0.00255133227739611,
      -0.00222893614542099,
      -0.0188350377999107,
      -0.00502872487878896,
      -0.0191672986322092,
      -0.00913810466781569,
      -0.00165782678459093,
      -0.0269808526987709,
      -0.0125046856065443,
      0,
      -0.138598407271617,
      0,
      -0.138598407271617,
      0,
      0,
      -0.0280615979395428,
      -0.00949577252127806,
      -0.0159746445405089,
      -0.080567222389609,
      -0.00569048801938099,
      -0.014995188916004,
      -0.0879143000621385,
      -0.0249394708194636,
      -0.100692925585917,
      -0.0315488564810152,
      -0.0137050919266368,
      -0.120804823757416,
      -0.0725911040131597,
      -0.00976637216976553,
      -0.0259218121698525,
      0,
      0,
      -0.0259218121698525,
      0,
      -0.00465539611875184,
      -0.00205457180898897,
      -0.00457660718194397,
      -0.013972456724381,
      -0.000495532342757144,
      -0.00630924803253221,
      -0.0153882193545035,
      -0.00216190936932587,
      -0.020199112374401,
      -0.00452851358662833,
      -0.00339087023479766,
      -0.0214487643144873,
      -0.0121075764838816,
      -0.00393968911804919,
      -0.00646799050096067,
      0,
      0,
      0,
      -0.00646799050096067,
      -0.00154085311206825,
      -2.76698032450423e-05,
      -0.000972562350502878,
      -0.00370883589806412,
      -9.32825910381925e-05,
      -0.00194021604301438,
      -0.00323289219787442,
      -0.000256297608092927,
      -0.00517043861476373,
      -0.00120841792165576,
      -0.00129863900548008,
      -0.00499911255380376,
      -0.00208917271385927,
      -0.00119373247279776,
      -0.0378851873163557,
      -0.00311501415916481,
      -0.0280615979395428,
      -0.00465539611875184,
      -0.00154085311206825,
      -0.0378851873163557,
      0,
      0,
      0,
      -0.00209632341647345,
      -0.00380432115294036,
      -0.0218802614182505,
      -0.00930613089681806,
      -0.0265132508152757,
      -0.00895699411024846,
      -0.00359140631498405,
      -0.0334097466438367,
      -0.0205524586727968,
      -0.00200710759337424,
      -0.012234127066823,
      -0.000656112933310921,
      -0.00949577252127806,
      -0.00205457180898897,
      -2.76698032450423e-05,
      0,
      -0.012234127066823,
      0,
      0,
      -0.00133514496251927,
      -0.00127586175310566,
      -0.00696328495291289,
      -0.0023124038884548,
      -0.00878241130556215,
      -0.00298738744988464,
      -0.00089705257334322,
      -0.010944985347878,
      -0.00732008733900776,
      -0.0011265344639813,
      -0.0265475826086018,
      -0.00399667182743243,
      -0.0159746445405089,
      -0.00457660718194397,
      -0.000972562350502878,
      0,
      0,
      -0.0265475826086018,
      0,
      -0.00126331497070614,
      -0.0056184619493011,
      -0.0147210997853548,
      -0.00319982877604986,
      -0.0198573216390133,
      -0.00591077156260701,
      -0.00224659030830764,
      -0.0234587358593342,
      -0.0105461581755203,
      -0.00266851533007378,
      -0.12215795122495,
      -0.0206247934636224,
      -0.080567222389609,
      -0.013972456724381,
      -0.00370883589806412,
      0,
      0,
      0,
