[
  {
    "local_site":"homo_S1",
    "remote_site":"homo_S2",
    "model_index":    1,
    "beta_local":{
      "(Intercept)":      -1.64865862558738,
      "age[21,31)":      0.460815203193609,
      "age[31,72)":      1.5218461832116,
      "age[72,86)":      2.75391545697124,
      "age[86,)":      2.97779457286678
    },
    "variable":"age",
    "D1":[
      -0.014021330791497,
      0.00512683578097875,
      -0.00692268305171493,
      -0.0124401800520423,
      -0.00170542635658356
    ],
    "D2":[
      -0.220477641645471,
      -0.0274550906920882,
      -0.151532825460452,
      -0.0267856406194958,
      -0.010323727111183,
      -0.0274550906920882,
      -0.0274550906920882,
      0,
      0,
      0,
      -0.151532825460452,
      0,
      -0.151532825460452,
      0,
      0,
      -0.0267856406194958,
      0,
      0,
      -0.0267856406194958,
      0,
      -0.010323727111183,
      0,
      0,
      0,
      -0.010323727111183
    ],
    "N_R":    2100
  },
  {
    "local_site":"homo_S1",
    "remote_site":"homo_S2",
    "model_index":    2,
    "beta_local":{
      "(Intercept)":      -0.825024487760462,
      "age[21,31)":      0.477688451815221,
      "age[31,72)":      1.56645746188284,
      "age[72,86)":      2.73150807274633,
      "age[86,)":      2.92757586955601,
      "triage_MAP[108,121)":      -1.02983690594418,
      "triage_MAP[121,)":      -0.987477285529756,
      "triage_MAP[73,83)":      -0.557433840742516,
      "triage_MAP[83,108)":      -0.917667824259114
    },
    "variable":[
"age",
"triage_MAP"
    ],
    "D1":[
      -0.0138907515901521,
      0.00532866629520481,
      -0.0084060140355113,
      -0.0114221647207041,
      -0.00126284588553647,
      -0.00459716181155486,
      0.00163844484380173,
      -0.00320858671452562,
      -0.00643214648888186
    ],
    "D2":[
      -0.218580691976886,
      -0.0270717523132318,
      -0.149663942037806,
      -0.0270158945040453,
      -0.0104590070624887,
      -0.0401439567474382,
      -0.0126357318043029,
      -0.0281284420332096,
      -0.128116171234747,
      -0.0270717523132318,
      -0.0270717523132318,
      0,
      0,
      0,
      -0.00283448034164241,
      -0.000549828728204428,
      -0.00341810358072663,
      -0.0188830030115963,
      -0.149663942037806,
      0,
      -0.149663942037806,
      0,
      0,
      -0.0297345390686539,
      -0.00996743343202548,
      -0.018769261195053,
      -0.0850521717232329,
      -0.0270158945040453,
      0,
      0,
      -0.0270158945040453,
      0,
      -0.0047431250771903,
      -0.00194137096144989,
      -0.00358316238452039,
      -0.0156218544708146,
      -0.0104590070624887,
      0,
      0,
      0,
      -0.0104590070624887,
      -0.00244182496589234,
      -0.000177098682623142,
      -0.00151789041611681,
      -0.0057217108414169,
      -0.0401439567474382,
      -0.00283448034164241,
      -0.0297345390686539,
      -0.0047431250771903,
      -0.00244182496589234,
      -0.0401439567474382,
      0,
      0,
      0,
      -0.0126357318043029,
      -0.000549828728204428,
      -0.00996743343202548,
      -0.00194137096144989,
      -0.000177098682623142,
      0,
      -0.0126357318043029,
      0,
      0,
      -0.0281284420332096,
      -0.00341810358072663,
      -0.018769261195053,
      -0.00358316238452039,
      -0.00151789041611681,
      0,
      0,
      -0.0281284420332096,
      0,
      -0.128116171234747,
      -0.0188830030115963,
      -0.0850521717232329,
      -0.0156218544708146,
      -0.0057217108414169,
      0,
      0,
      0,
      -0.128116171234747
    ],
    "N_R":    2100
  },
  {
    "local_site":"homo_S1",
    "remote_site":"homo_S2",
    "model_index":    3,
    "beta_local":{
      "(Intercept)":      -1.34751653119988,
      "age[21,31)":      0.536536858076972,
      "age[31,72)":      1.70540417148076,
      "age[72,86)":      2.9583734735634,
      "age[86,)":      3.15451442295952,
      "triage_MAP[108,121)":      -1.16054142556837,
      "triage_MAP[121,)":      -1.23733467046344,
      "triage_MAP[73,83)":      -0.581740267695552,
      "triage_MAP[83,108)":      -1.01053711882583,
      "triage_heartrate[117,)":      1.73262479756834,
      "triage_heartrate[60,70)":      0.0873183821405893,
      "triage_heartrate[70,99)":      0.400040778154497,
      "triage_heartrate[99,117)":      0.828748442383352
    },
    "variable":[
"age",
"triage_MAP",
"triage_heartrate"
    ],
    "D1":[
      -0.0153519374049838,
      0.00489655916181577,
      -0.00934445370816068,
      -0.011663924752248,
      -0.000801502296983503,
      -0.00582108440432958,
      0.00194142680393342,
      -0.00469063151117432,
      -0.00516807337928079,
      -0.00544101942725024,
      -0.000393059864217866,
      -0.00469763499732459,
      -0.00778383659138874
    ],
    "D2":[
      -0.213032314573358,
      -0.0264528246280104,
      -0.145226378011646,
      -0.0264577441253105,
      -0.0105216985737707,
      -0.039132514054553,
      -0.0123598996666087,
      -0.0271026943153926,
      -0.125343520217401,
      -0.0096600831604055,
      -0.0272644474747412,
      -0.131372552744251,
      -0.0367045996867795,
      -0.0264528246280104,
      -0.0264528246280104,
      0,
      0,
      0,
      -0.00285898332014887,
      -0.000664270912456479,
      -0.00328779819924413,
      -0.0183174292844665,
      -0.00295210686358089,
      -0.00244269192284334,
      -0.0157223592659616,
      -0.00506300168284864,
      -0.145226378011646,
      0,
      -0.145226378011646,
      0,
      0,
      -0.0288850188478479,
      -0.00949127944383603,
      -0.0179372124533067,
      -0.0829768511640824,
      -0.00523471749338966,
      -0.0163145842016407,
      -0.0910386843036902,
      -0.0275439123647614,
      -0.0264577441253105,
      0,
      0,
      -0.0264577441253105,
      0,
      -0.00446659141589159,
      -0.00201449428770786,
      -0.00355137009818567,
      -0.0153943270208567,
      -0.000498885697266382,
      -0.0051270100406734,
      -0.0172124994720417,
      -0.00213544083624176,
      -0.0105216985737707,
      0,
      0,
      0,
      -0.0105216985737707,
      -0.00252606287169622,
      -0.000189855022608301,
      -0.00149676171345099,
      -0.0058113856537917,
      -0.000104915949915197,
      -0.00298376791313324,
      -0.00559991387000506,
      -0.000781456371626078,
      -0.039132514054553,
      -0.00285898332014887,
      -0.0288850188478479,
      -0.00446659141589159,
      -0.00252606287169622,
      -0.039132514054553,
      0,
      0,
      0,
      -0.0019744342786446,
      -0.00436630691858655,
      -0.0221468543099834,
      -0.00979660624226632,
      -0.0123598996666087,
      -0.000664270912456479,
      -0.00949127944383603,
      -0.00201449428770786,
      -0.000189855022608301,
      0,
      -0.0123598996666087,
      0,
      0,
      -0.00130869650189815,
      -0.00122920976545251,
      -0.00677445926720119,
      -0.00275143133173761,
      -0.0271026943153926,
      -0.00328779819924413,
      -0.0179372124533067,
      -0.00355137009818567,
      -0.00149676171345099,
      0,
      0,
      -0.0271026943153926,
      0,
      -0.00117407244920197,
      -0.00500464691061696,
      -0.0160858203845892,
      -0.00363581051220251,
      -0.125343520217401,
      -0.0183174292844665,
      -0.0829768511640824,
      -0.0153943270208567,
      -0.0058113856537917,
      0,
      0,
      0,
      -0.125343520217401,
      -0.00508088430424363,
      -0.0153016589082048,
      -0.0807854224281819,
      -0.0192273711638113,
      -0.0096600831604055,
      -0.00295210686358089,
      -0.00523471749338966,
      -0.000498885697266382,
      -0.000104915949915197,
      -0.0019744342786446,
      -0.00130869650189815,
      -0.00117407244920197,
      -0.00508088430424363,
      -0.0096600831604055,
      0,
      0,
      0,
      -0.0272644474747412,
      -0.00244269192284334,
      -0.0163145842016407,
      -0.0051270100406734,
      -0.00298376791313324,
      -0.00436630691858655,
      -0.00122920976545251,
      -0.00500464691061696,
      -0.0153016589082048,
      0,
      -0.0272644474747412,
      0,
      0,
      -0.131372552744251,
      -0.0157223592659616,
      -0.0910386843036902,
      -0.0172124994720417,
      -0.00559991387000506,
      -0.0221468543099834,
      -0.00677445926720119,
      -0.0160858203845892,
      -0.0807854224281819,
      0,
      0,
      -0.131372552744251,
      0,
      -0.0367045996867795,
      -0.00506300168284864,
      -0.0275439123647614,
      -0.00213544083624176,
      -0.000781456371626078,
      -0.00979660624226632,
      -0.00275143133173761,
      -0.00363581051220251,
      -0.0192273711638113,
      0,
      0,
      0,
      -0.0367045996867795
    ],
    "N_R":    2100
  },
  {
    "local_site":"homo_S1",
    "remote_site":"homo_S2",
    "model_index":    4,
    "beta_local":{
      "(Intercept)":      -1.46824047701384,
      "age[21,31)":      0.542226999386031,
      "age[31,72)":      1.72157236794267,
      "age[72,86)":      2.97658758225739,
      "age[86,)":      3.17276615273089,
      "triage_MAP[108,121)":      -1.15400643930198,
      "triage_MAP[121,)":      -1.22860026764615,
      "triage_MAP[73,83)":      -0.576735351568172,
      "triage_MAP[83,108)":      -1.00558864055463,
      "triage_heartrate[117,)":      1.72279169241266,
      "triage_heartrate[60,70)":      0.0950092767529144,
      "triage_heartrate[70,99)":      0.398530118215977,
      "triage_heartrate[99,117)":      0.812236384168563,
      "triage_temperature[36,37)":      0.0741416383803278,
      "triage_temperature[37,)":      0.215661326218214
    },
    "variable":[
"age",
"triage_MAP",
"triage_heartrate",
"triage_temperature"
    ],
    "D1":[
      -0.0157679284240062,
      0.00487402538785525,
      -0.00970749660437201,
      -0.0116966353917378,
      -0.000840655282218405,
      -0.00585833517590665,
      0.00187154348038853,
      -0.00472826793121156,
      -0.0053768347850492,
      -0.00560300290282663,
      -0.000515760372239423,
      -0.00501242554616124,
      -0.00771530383115752,
      -0.0138518612038532,
      0.000398708361083228
    ],
    "D2":[
      -0.212715156033993,
      -0.0264149700363546,
      -0.145041875209281,
      -0.0264325216314058,
      -0.0104927216988996,
      -0.0390802591069091,
      -0.0123227905827322,
      -0.0271046474015814,
      -0.125152571644421,
      -0.00962036835935666,
      -0.0272096392164663,
      -0.131253730147005,
      -0.0366266384169173,
      -0.150788508937759,
      -0.0525073871324473,
      -0.0264149700363546,
      -0.0264149700363546,
      0,
      0,
      0,
      -0.00284725070391493,
      -0.000675478506271514,
      -0.0032890187860593,
      -0.0182732266582262,
      -0.00295562804752848,
      -0.00244511793616033,
      -0.0157101670214657,
      -0.00502908819023159,
      -0.0176086716422496,
      -0.00820354936320655,
      -0.145041875209281,
      0,
      -0.145041875209281,
      0,
      0,
      -0.0288717836968392,
      -0.00946989858001102,
      -0.017947113744576,
      -0.0828430410088114,
      -0.0051849565356264,
      -0.0163013047403862,
      -0.0909815276824743,
      -0.0275070837606294,
      -0.10265355936794,
      -0.0355621207274696,
      -0.0264325216314058,
      0,
      0,
      -0.0264325216314058,
      0,
      -0.00444000639665732,
      -0.00199808436370896,
      -0.00354969723508891,
      -0.0154239618059671,
      -0.000501261121723203,
      -0.00509522130245925,
      -0.0172144873378888,
      -0.00213362549176134,
      -0.0200450529057088,
      -0.00518865193987926,
      -0.0104927216988996,
      0,
      0,
      0,
      -0.0104927216988996,
      -0.00252569993580653,
      -0.000179329132740749,
      -0.00148682313846993,
      -0.00580994338173727,
      -0.000108959556774689,
      -0.00297578416741033,
      -0.00557555247347391,
      -0.000781301376958488,
      -0.00780082055189147,
      -0.00218170817449688,
      -0.0390802591069091,
      -0.00284725070391493,
      -0.0288717836968392,
      -0.00444000639665732,
      -0.00252569993580653,
      -0.0390802591069091,
      0,
      0,
      0,
      -0.00197551520019263,
      -0.00436017888786198,
      -0.0221286393004225,
      -0.00977382960864195,
      -0.0275141013482294,
      -0.00943189262362467,
      -0.0123227905827322,
      -0.000675478506271514,
      -0.00946989858001102,
      -0.00199808436370896,
      -0.000179329132740749,
      0,
      -0.0123227905827322,
      0,
      0,
      -0.00131196619932224,
      -0.00123332366022524,
      -0.00673435575564493,
      -0.00275595528054978,
      -0.0087017421195154,
      -0.0030940654101502,
      -0.0271046474015814,
      -0.0032890187860593,
      -0.017947113744576,
      -0.00354969723508891,
      -0.00148682313846993,
      0,
      0,
      -0.0271046474015814,
      0,
      -0.00118147394025413,
      -0.00498860603383426,
      -0.0160654109176908,
      -0.00367286590082367,
      -0.0193519061663669,
      -0.00644908028633731,
      -0.125152571644421,
      -0.0182732266582262,
      -0.0828430410088114,
      -0.0154239618059671,
      -0.00580994338173727,
      0,
      0,
      0,
      -0.125152571644421,
      -0.00502950001755786,
      -0.0152759205598041,
      -0.0807584528625916,
      -0.0191511868281891,
      -0.0890981465100119,
      -0.0308241383034281,
      -0.00962036835935666,
      -0.00295562804752848,
      -0.0051849565356264,
      -0.000501261121723203,
      -0.000108959556774689,
      -0.00197551520019263,
      -0.00131196619932224,
      -0.00118147394025413,
      -0.00502950001755786,
      -0.00962036835935666,
      0,
      0,
      0,
      -0.00521464080170906,
      -0.0039741234025089,
      -0.0272096392164663,
      -0.00244511793616033,
      -0.0163013047403862,
      -0.00509522130245925,
      -0.00297578416741033,
      -0.00436017888786198,
      -0.00123332366022524,
      -0.00498860603383426,
      -0.0152759205598041,
      0,
      -0.0272096392164663,
      0,
      0,
      -0.0210753320773571,
      -0.00497509950003727,
      -0.131253730147005,
      -0.0157101670214657,
      -0.0909815276824743,
      -0.0172144873378888,
      -0.00557555247347391,
      -0.0221286393004225,
      -0.00673435575564493,
      -0.0160654109176908,
      -0.0807584528625916,
      0,
      0,
      -0.131253730147005,
      0,
      -0.095270733792632,
      -0.030837943674339,
      -0.0366266384169173,
      -0.00502908819023159,
      -0.0275070837606294,
      -0.00213362549176134,
      -0.000781301376958488,
      -0.00977382960864195,
      -0.00275595528054978,
      -0.00367286590082367,
      -0.0191511868281891,
      0,
      0,
      0,
      -0.0366266384169173,
      -0.0232445735082235,
      -0.0116048511027076,
      -0.150788508937759,
      -0.0176086716422496,
      -0.10265355936794,
      -0.0200450529057088,
      -0.00780082055189147,
      -0.0275141013482294,
      -0.0087017421195154,
      -0.0193519061663669,
      -0.0890981465100119,
      -0.00521464080170906,
      -0.0210753320773571,
      -0.095270733792632,
      -0.0232445735082235,
      -0.150788508937759,
      0,
      -0.0525073871324473,
      -0.00820354936320655,
      -0.0355621207274696,
      -0.00518865193987926,
      -0.00218170817449688,
      -0.00943189262362467,
      -0.0030940654101502,
      -0.00644908028633731,
      -0.0308241383034281,
      -0.0039741234025089,
      -0.00497509950003727,
      -0.030837943674339,
      -0.0116048511027076,
      0,
      -0.0525073871324473
    ],
    "N_R":    2100
  },
  {
    "local_site":"homo_S1",
    "remote_site":"homo_S2",
    "model_index":    5,
    "beta_local":{
      "(Intercept)":      -0.654494320909387,
      "age[21,31)":      0.500939473869664,
      "age[31,72)":      1.60732451917182,
      "age[72,86)":      2.81318219240399,
      "age[86,)":      2.95795633914044,
      "triage_MAP[108,121)":      -1.1297331481623,
      "triage_MAP[121,)":      -1.1946871846915,
      "triage_MAP[73,83)":      -0.555246763634012,
      "triage_MAP[83,108)":      -0.981131531932361,
      "triage_heartrate[117,)":      1.61744030525055,
      "triage_heartrate[60,70)":      0.0957728603517313,
      "triage_heartrate[70,99)":      0.360265089564434,
      "triage_heartrate[99,117)":      0.74005522045923,
      "triage_temperature[36,37)":      0.0916071650517657,
      "triage_temperature[37,)":      0.225149783138152,
      "triage_o2sat[95,97)":      -0.146473994088446,
      "triage_o2sat[97,)":      -0.813555355660257
    },
    "variable":[
"age",
"triage_MAP",
"triage_heartrate",
"triage_temperature",
"triage_o2sat"
    ],
    "D1":[
      -0.0126123057410867,
      0.00457919840650566,
      -0.00670325077782717,
      -0.0115441358181738,
      -0.000586294923953177,
      -0.00411676171908302,
      0.00201170789126153,
      -0.0045570084589502,
      -0.00395165653495473,
      -0.00484731207136766,
      -0.00054914090882231,
      -0.00314929985590005,
      -0.00703947653303612,
      -0.0102325378111633,
      -0.000250868682085608,
      -0.00855080590593523,
      -0.00359198993376391
    ],
    "D2":[
      -0.210191118389377,
      -0.0263106197140429,
      -0.143045807833291,
      -0.0260809715958144,
      -0.0104162824836619,
      -0.0383935590381177,
      -0.0121475431672108,
      -0.0268101116995526,
      -0.123867261809994,
      -0.00979795956921409,
      -0.0269249185965345,
      -0.129635959224107,
      -0.0358079280867149,
      -0.149487564477761,
      -0.0514177792326697,
      -0.0209189404402923,
      -0.181765274709628,
      -0.0263106197140429,
      -0.0263106197140429,
      0,
      0,
      0,
      -0.00281940220425502,
      -0.000664263398973798,
      -0.00327468063552631,
      -0.0182089395066775,
      -0.00291703110061433,
      -0.00245277300242955,
      -0.0157026353465229,
      -0.00496528573623792,
      -0.0175340556541657,
      -0.0081950260028953,
      -0.00185575163329049,
      -0.0237835259443399,
      -0.143045807833291,
      0,
      -0.143045807833291,
      0,
      0,
      -0.0284827035015658,
      -0.009397058789162,
      -0.0177608527444229,
      -0.0816030746657903,
      -0.00543883095888696,
      -0.0160326393365554,
      -0.0895424876577998,
      -0.0270234404024186,
      -0.101307546829803,
      -0.0349785710159807,
      -0.0140330974367338,
      -0.124157846976901,
      -0.0260809715958144,
      0,
      0,
      -0.0260809715958144,
      0,
      -0.00419228588768044,
      -0.0019251253459226,
      -0.00350985911489204,
      -0.0153745325520027,
      -0.000477245431390139,
      -0.00504975191184291,
      -0.0170635696457834,
      -0.00197436507697711,
      -0.020201506767086,
      -0.00475208021376831,
      -0.00332209806224308,
      -0.0213849564580396,
      -0.0104162824836619,
      0,
      0,
      0,
      -0.0104162824836619,
      -0.00250726931254558,
      -0.000161095633152391,
      -0.00143501727095272,
      -0.00586549787640268,
      -0.000112741880742829,
      -0.00298672887179471,
      -0.00552456041762804,
      -0.000693110503089165,
      -0.00776498789943179,
      -0.00210903227158554,
      -0.00162313088635366,
      -0.00818637098945121,
      -0.0383935590381177,
      -0.00281940220425502,
      -0.0284827035015658,
      -0.00419228588768044,
      -0.00250726931254558,
      -0.0383935590381177,
      0,
      0,
      0,
      -0.00206026770865242,
      -0.00426173649680867,
      -0.0216589259569977,
      -0.00959065237866466,
      -0.027111152996744,
      -0.00915337232043592,
      -0.00352209672239433,
      -0.0341710866364981,
      -0.0121475431672108,
      -0.000664263398973798,
      -0.009397058789162,
      -0.0019251253459226,
      -0.000161095633152391,
      0,
      -0.0121475431672108,
      0,
      0,
      -0.00136469685014214,
      -0.00120013149326188,
      -0.00656489113209698,
      -0.0027402382280666,
      -0.00862879211919202,
      -0.0030087096766068,
      -0.000897498460459779,
      -0.0104453482206396,
      -0.0268101116995526,
      -0.00327468063552631,
      -0.0177608527444229,
      -0.00350985911489204,
      -0.00143501727095272,
      0,
      0,
      -0.0268101116995526,
      0,
      -0.001253099820294,
      -0.00497099474863023,
      -0.0158051062026328,
      -0.00355955422429975,
      -0.0191207390084814,
      -0.00635817649594903,
      -0.00256709415022846,
      -0.0231553171890191,
      -0.123867261809994,
      -0.0182089395066775,
      -0.0816030746657903,
      -0.0153745325520027,
      -0.00586549787640268,
      0,
      0,
      0,
      -0.123867261809994,
      -0.00502801309497013,
      -0.0151815687414834,
      -0.0799754004431018,
      -0.0186877390188268,
      -0.0884978897617077,
      -0.0302673733834555,
      -0.0125973667233904,
      -0.10690117746612,
      -0.00979795956921409,
      -0.00291703110061433,
      -0.00543883095888696,
      -0.000477245431390139,
      -0.000112741880742829,
      -0.00206026770865242,
      -0.00136469685014214,
      -0.001253099820294,
      -0.00502801309497013,
      -0.00979795956921409,
      0,
      0,
      0,
      -0.00532330009567604,
      -0.00401874062338786,
      -0.000605258537746426,
      -0.00891555359492816,
      -0.0269249185965345,
      -0.00245277300242955,
      -0.0160326393365554,
      -0.00504975191184291,
      -0.00298672887179471,
      -0.00426173649680867,
      -0.00120013149326188,
      -0.00497099474863023,
      -0.0151815687414834,
      0,
      -0.0269249185965345,
      0,
      0,
      -0.020988339624903,
      -0.00479547195940624,
      -0.00245789535221525,
      -0.0237397215821445,
      -0.129635959224107,
      -0.0157026353465229,
      -0.0895424876577998,
      -0.0170635696457834,
      -0.00552456041762804,
      -0.0216589259569977,
      -0.00656489113209698,
      -0.0158051062026328,
      -0.0799754004431018,
      0,
      0,
      -0.129635959224107,
      0,
      -0.094305401598686,
      -0.0302805539603985,
      -0.0130928662007249,
      -0.112084271430202,
      -0.0358079280867149,
      -0.00496528573623792,
      -0.0270234404024186,
      -0.00197436507697711,
      -0.000693110503089165,
      -0.00959065237866466,
      -0.0027402382280666,
      -0.00355955422429975,
      -0.0186877390188268,
      0,
      0,
      0,
      -0.0358079280867149,
      -0.022878587291396,
      -0.0111834226238965,
      -0.00399604477523107,
      -0.0301924131414248,
      -0.149487564477761,
      -0.0175340556541657,
      -0.101307546829803,
      -0.020201506767086,
      -0.00776498789943179,
      -0.027111152996744,
      -0.00862879211919202,
      -0.0191207390084814,
      -0.0884978897617077,
      -0.00532330009567604,
      -0.020988339624903,
      -0.094305401598686,
      -0.022878587291396,
      -0.149487564477761,
      0,
      -0.013633233404281,
      -0.131511726859302,
      -0.0514177792326697,
      -0.0081950260028953,
      -0.0349785710159807,
      -0.00475208021376831,
      -0.00210903227158554,
      -0.00915337232043592,
      -0.0030087096766068,
      -0.00635817649594903,
      -0.0302673733834555,
      -0.00401874062338786,
      -0.00479547195940624,
      -0.0302805539603985,
      -0.0111834226238965,
      0,
      -0.0514177792326697,
      -0.00638464290869897,
      -0.0423625892614036,
      -0.0209189404402923,
      -0.00185575163329049,
      -0.0140330974367338,
      -0.00332209806224308,
      -0.00162313088635366,
      -0.00352209672239433,
      -0.000897498460459779,
      -0.00256709415022846,
      -0.0125973667233904,
      -0.000605258537746426,
      -0.00245789535221525,
      -0.0130928662007249,
      -0.00399604477523107,
      -0.013633233404281,
      -0.00638464290869897,
      -0.0209189404402923,
      0,
      -0.181765274709628,
      -0.0237835259443399,
      -0.124157846976901,
      -0.0213849564580396,
      -0.00818637098945121,
      -0.0341710866364981,
      -0.0104453482206396,
      -0.0231553171890191,
      -0.10690117746612,
      -0.00891555359492816,
      -0.0237397215821445,
      -0.112084271430202,
      -0.0301924131414248,
      -0.131511726859302,
      -0.0423625892614036,
      0,
      -0.181765274709628
    ],
    "N_R":    2100
  },
  {
    "local_site":"homo_S1",
    "remote_site":"homo_S2",
    "model_index":    6,
    "beta_local":{
      "(Intercept)":      -0.759630177231537,
      "age[21,31)":      0.502852192335245,
      "age[31,72)":      1.6064469967499,
      "age[72,86)":      2.82004942903738,
      "age[86,)":      2.98835817346731,
      "triage_MAP[108,121)":      -1.15591677003858,
      "triage_MAP[121,)":      -1.22185360458702,
      "triage_MAP[73,83)":      -0.567102055561235,
      "triage_MAP[83,108)":      -1.00496554104226,
      "triage_heartrate[117,)":      1.64386073713699,
      "triage_heartrate[60,70)":      0.0869464675480663,
      "triage_heartrate[70,99)":      0.35904013101036,
      "triage_heartrate[99,117)":      0.754260510882757,
      "triage_temperature[36,37)":      0.0878873731818533,
      "triage_temperature[37,)":      0.221133647664158,
      "triage_o2sat[95,97)":      -0.147358188435283,
      "triage_o2sat[97,)":      -0.788003627156772,
      "genderM":      0.225289603100633
    },
    "variable":[
"age",
"triage_MAP",
"triage_heartrate",
"triage_temperature",
"triage_o2sat",
"gender"
    ],
    "D1":[
      -0.0141131370518109,
      0.0046258970718213,
      -0.00795468952294935,
      -0.0118222740843996,
      -0.000574390447140565,
      -0.00465911317766606,
      0.00164311577825406,
      -0.00452052806037018,
      -0.00452735624542485,
      -0.00500058372985883,
      -0.000573330005021226,
      -0.00345054280450405,
      -0.00783516275647723,
      -0.0110476364749612,
      -0.000771674542081744,
      -0.00819942374162794,
      -0.0054366923148549,
      -0.00666857563206051
    ],
    "D2":[
      -0.209664401316164,
      -0.0262754306842629,
      -0.142688592730026,
      -0.0259450499481252,
      -0.0103981880798652,
      -0.0384460330095082,
      -0.0122241768441148,
      -0.0265952552749779,
      -0.123516132565861,
      -0.0097109902483777,
      -0.0268872530639501,
      -0.129456803042966,
      -0.0356138940463821,
      -0.149199839357587,
      -0.0511846736312001,
      -0.0209924130940499,
      -0.181179725817054,
      -0.104534419147075,
      -0.0262754306842629,
      -0.0262754306842629,
      0,
      0,
      0,
      -0.0028756243474861,
      -0.00068361281058222,
      -0.00322806280659907,
      -0.0181542780883741,
      -0.00290109624480792,
      -0.00243391287872931,
      -0.0156828284592875,
      -0.00496460263847065,
      -0.0174984772258039,
      -0.00816996100023353,
      -0.00183318791174122,
      -0.0237640614574174,
      -0.0119642324778256,
      -0.142688592730026,
      0,
      -0.142688592730026,
      0,
      0,
      -0.0284499899189308,
      -0.00945343597683967,
      -0.0176557650170277,
      -0.0813915792657302,
      -0.0053602598859358,
      -0.0160383160288174,
      -0.0894019548236682,
      -0.0268985757346692,
      -0.101121544826105,
      -0.0348255405331596,
      -0.0140218768791396,
      -0.123830076414701,
      -0.0740300794505764,
      -0.0259450499481252,
      0,
      0,
      -0.0259450499481252,
      0,
      -0.00417637179263358,
      -0.00192777406213817,
      -0.00347076533548079,
      -0.0152958981891034,
      -0.000485594339440295,
      -0.00502052144782625,
      -0.017043486160026,
      -0.00191374301001588,
      -0.0201132176486475,
      -0.004715157896036,
      -0.00338450062843369,
      -0.0212035856398263,
      -0.0128701018665631,
      -0.0103981880798652,
      0,
      0,
      0,
      -0.0103981880798652,
      -0.00254465555200353,
      -0.000159353994554755,
      -0.0014136701927923,
      -0.00585162889873793,
      -0.000117735627349105,
      -0.00298094231142945,
      -0.00550652819357431,
      -0.00069542641565102,
      -0.00777232080650781,
      -0.00208021784994346,
      -0.00166391400923774,
      -0.00811379609672175,
      -0.00360454323611713,
      -0.0384460330095082,
      -0.0028756243474861,
      -0.0284499899189308,
      -0.00417637179263358,
      -0.00254465555200353,
      -0.0384460330095082,
      0,
      0,
      0,
      -0.00203128277145336,
      -0.0043006350065855,
      -0.0217320547100864,
      -0.0095584254903368,
      -0.0271323496495336,
      -0.00917607289408543,
      -0.00353470324490012,
      -0.0342106968334318,
      -0.0207180351850088,
      -0.0122241768441148,
      -0.00068361281058222,
      -0.00945343597683967,
      -0.00192777406213817,
      -0.000159353994554755,
      0,
      -0.0122241768441148,
      0,
      0,
      -0.00137771025598232,
      -0.00122027874318461,
      -0.00658429755578914,
      -0.00274942698143284,
      -0.00865777128980506,
      -0.00305237494741159,
      -0.000909975829836531,
      -0.0105171144139649,
      -0.00754357010438299,
      -0.0265952552749779,
      -0.00322806280659907,
      -0.0176557650170277,
      -0.00347076533548079,
      -0.0014136701927923,
      0,
      0,
      -0.0265952552749779,
      0,
      -0.001244181501285,
      -0.00490648651522704,
      -0.0157426821092644,
      -0.0034858232574503,
      -0.019001329054013,
      -0.00628417843332985,
      -0.0026015771135616,
      -0.0229296853019763,
      -0.0110414250566667,
      -0.123516132565861,
      -0.0181542780883741,
      -0.0813915792657302,
      -0.0152958981891034,
      -0.00585162889873793,
      0,
      0,
      0,
      -0.123516132565861,
      -0.00497172511772908,
      -0.0151431607153579,
      -0.0798123889051055,
      -0.0186314773254748,
      -0.0883416869047398,
      -0.0300620976806883,
      -0.0126095259926935,
      -0.106509601582095,
      -0.0616780795484929,
      -0.0097109902483777,
      -0.00290109624480792,
      -0.0053602598859358,
      -0.000485594339440295,
      -0.000117735627349105,
      -0.00203128277145336,
      -0.00137771025598232,
      -0.001244181501285,
      -0.00497172511772908,
      -0.0097109902483777,
      0,
      0,
      0,
      -0.00529835830582269,
      -0.00397499562624227,
      -0.000597106706768665,
      -0.00884203905173987,
      -0.00411554645475545,
      -0.0268872530639501,
      -0.00243391287872931,
      -0.0160383160288174,
      -0.00502052144782625,
      -0.00298094231142945,
      -0.0043006350065855,
      -0.00122027874318461,
      -0.00490648651522704,
      -0.0151431607153579,
      0,
      -0.0268872530639501,
      0,
      0,
      -0.0209497544937011,
      -0.00477792770798067,
      -0.00248427490128899,
      -0.0236560155259717,
      -0.0135231777645042,
      -0.129456803042966,
      -0.0156828284592875,
      -0.0894019548236682,
      -0.017043486160026,
      -0.00550652819357431,
      -0.0217320547100864,
      -0.00658429755578914,
      -0.0157426821092644,
      -0.0798123889051055,
      0,
      0,
      -0.129456803042966,
      0,
      -0.0942507920966924,
      -0.0301785827004918,
      -0.0131944563603999,
      -0.111824355223926,
      -0.0637002126744852,
      -0.0356138940463821,
      -0.00496460263847065,
      -0.0268985757346692,
      -0.00191374301001588,
      -0.00069542641565102,
      -0.0095584254903368,
      -0.00274942698143284,
      -0.0034858232574503,
      -0.0186314773254748,
      0,
      0,
      0,
      -0.0356138940463821,
      -0.0227398474375861,
      -0.0111208259108488,
      -0.00395300637328743,
      -0.0300373587227901,
      -0.0185530302064188,
      -0.149199839357587,
      -0.0174984772258039,
      -0.101121544826105,
      -0.0201132176486475,
      -0.00777232080650781,
      -0.0271323496495336,
      -0.00865777128980506,
      -0.019001329054013,
      -0.0883416869047398,
      -0.00529835830582269,
      -0.0209497544937011,
      -0.0942507920966924,
      -0.0227398474375861,
      -0.149199839357587,
      0,
      -0.0137220180443108,
      -0.131148138630869,
      -0.0735051764316719,
      -0.0511846736312001,
      -0.00816996100023353,
      -0.0348255405331596,
      -0.004715157896036,
      -0.00208021784994346,
      -0.00917607289408543,
      -0.00305237494741159,
      -0.00628417843332985,
      -0.0300620976806883,
      -0.00397499562624227,
      -0.00477792770798067,
      -0.0301785827004918,
      -0.0111208259108488,
      0,
      -0.0511846736312001,
      -0.00636848753984241,
      -0.0421519721822148,
      -0.0260961714266014,
      -0.0209924130940499,
      -0.00183318791174122,
      -0.0140218768791396,
      -0.00338450062843369,
      -0.00166391400923774,
      -0.00353470324490012,
      -0.000909975829836531,
      -0.0026015771135616,
      -0.0126095259926935,
      -0.000597106706768665,
      -0.00248427490128899,
      -0.0131944563603999,
      -0.00395300637328743,
      -0.0137220180443108,
      -0.00636848753984241,
      -0.0209924130940499,
      0,
      -0.0100505192038106,
      -0.181179725817054,
      -0.0237640614574174,
      -0.123830076414701,
      -0.0212035856398263,
      -0.00811379609672175,
      -0.0342106968334318,
      -0.0105171144139649,
      -0.0229296853019763,
      -0.106509601582095,
      -0.00884203905173987,
      -0.0236560155259717,
      -0.111824355223926,
      -0.0300373587227901,
      -0.131148138630869,
      -0.0421519721822148,
      0,
      -0.181179725817054,
      -0.0904063324770881,
      -0.104534419147075,
      -0.0119642324778256,
      -0.0740300794505764,
      -0.0128701018665631,
      -0.00360454323611713,
      -0.0207180351850088,
      -0.00754357010438299,
      -0.0110414250566667,
      -0.0616780795484929,
      -0.00411554645475545,
      -0.0135231777645042,
      -0.0637002126744852,
      -0.0185530302064188,
      -0.0735051764316719,
      -0.0260961714266014,
      -0.0100505192038106,
      -0.0904063324770881,
      -0.104534419147075
    ],
    "N_R":    2100
  },
  {
    "local_site":"homo_S1",
    "remote_site":"homo_S2",
    "model_index":    7,
    "beta_local":{
      "(Intercept)":      -0.806542769346411,
      "age[21,31)":      0.501776600297141,
      "age[31,72)":      1.58486767825318,
      "age[72,86)":      2.7659987188366,
      "age[86,)":      2.91189173616573,
      "triage_MAP[108,121)":      -1.11043908941761,
      "triage_MAP[121,)":      -1.20717376821977,
      "triage_MAP[73,83)":      -0.534917499143422,
      "triage_MAP[83,108)":      -0.967844636545834,
      "triage_heartrate[117,)":      1.66609938866392,
      "triage_heartrate[60,70)":      0.0940593911450759,
      "triage_heartrate[70,99)":      0.371308352987164,
      "triage_heartrate[99,117)":      0.760755071932089,
      "triage_temperature[36,37)":      0.0784841901158417,
      "triage_temperature[37,)":      0.205967050298028,
      "triage_o2sat[95,97)":      -0.132205071642906,
      "triage_o2sat[97,)":      -0.776867060119092,
      "genderM":      0.225067245689734,
      "cci_Renal1":      0.25990800397818
    },
    "variable":[
"age",
"triage_MAP",
"triage_heartrate",
"triage_temperature",
"triage_o2sat",
"gender",
"cci_Renal"
    ],
    "D1":[
      -0.0141553656012824,
      0.00463408654029326,
      -0.0078286330431614,
      -0.0119790336621302,
      -0.000595313482098671,
      -0.00469399124004528,
      0.0017994715073969,
      -0.00477631485986722,
      -0.00451600364804118,
      -0.0050322033612838,
      -0.000616137124317069,
      -0.00390323386881607,
      -0.00733602541392387,
      -0.0111786831644609,
      -0.000637569002048619,
      -0.00827567099393152,
      -0.00537873916476889,
      -0.00683090835017216,
      0.0103081109678723
    ],
    "D2":[
      -0.209303073369022,
      -0.0262810862977664,
      -0.142457860851213,
      -0.0258295976147565,
      -0.0103764610172385,
      -0.0384557191080992,
      -0.0122064094474693,
      -0.0265027643612327,
      -0.123261926594757,
      -0.00971137247328166,
      -0.0268026639467378,
      -0.129165100470772,
      -0.0356850724210782,
      -0.1489541981456,
      -0.0510798601097515,
      -0.0209775879550893,
      -0.180846015037718,
      -0.104335509046559,
      -0.0204508181311217,
      -0.0262810862977664,
      -0.0262810862977664,
      0,
      0,
      0,
      -0.00288975005363118,
      -0.000679311814612909,
      -0.00322232577059443,
      -0.0181655672431642,
      -0.00290198939658166,
      -0.00242263054575373,
      -0.0156981299931193,
      -0.00496811579921539,
      -0.0175194022674106,
      -0.00815103910793256,
      -0.00183373348521612,
      -0.0237690248057046,
      -0.0119756322036311,
      -0.00010466939460005,
      -0.142457860851213,
      0,
      -0.142457860851213,
      0,
      0,
      -0.0284334854389674,
      -0.00942751939772596,
      -0.0175779792407562,
      -0.0812907502291881,
      -0.00534303310837379,
      -0.0159983156221455,
      -0.0892401832613602,
      -0.0269212588830902,
      -0.100919771968467,
      -0.0347996325535402,
      -0.013972785508864,
      -0.123655917681852,
      -0.0739527804221825,
      -0.0115560623344069,
      -0.0258295976147565,
      0,
      0,
      -0.0258295976147565,
      0,
      -0.00420685812699583,
      -0.00193177945009789,
      -0.00346948084205622,
      -0.0151620495282389,
      -0.000495719599985202,
      -0.0049974260484143,
      -0.0169251559203515,
      -0.00195297273400755,
      -0.0200532311556131,
      -0.00466149260710173,
      -0.00338649189640805,
      -0.0211113447590632,
      -0.0128051689832794,
      -0.00579374891402394,
      -0.0103764610172385,
      0,
      0,
      0,
      -0.0103764610172385,
      -0.00252330628584129,
      -0.000167798785032526,
      -0.00140861625502509,
      -0.00581610362290698,
      -0.000120625354464492,
      -0.00297338803653136,
      -0.00547422731179927,
      -0.000705637284335268,
      -0.00776632023257379,
      -0.00207625918248241,
      -0.00169554320189273,
      -0.00804069406575913,
      -0.00353725185432011,
      -0.00299633748809084,
      -0.0384557191080992,
      -0.00288975005363118,
      -0.0284334854389674,
      -0.00420685812699583,
      -0.00252330628584129,
      -0.0384557191080992,
      0,
      0,
      0,
      -0.00202088611234411,
      -0.00429304586088122,
      -0.0217520072298025,
      -0.00956915774753563,
      -0.0271238777482799,
      -0.00919035735522935,
      -0.00354072627347412,
      -0.0342224738869901,
      -0.0207341830937901,
      -0.00260439398632007,
      -0.0122064094474693,
      -0.000679311814612909,
      -0.00942751939772596,
      -0.00193177945009789,
      -0.000167798785032526,
      0,
      -0.0122064094474693,
      0,
      0,
      -0.00138742786998443,
      -0.00121779900033137,
      -0.00656318766440902,
      -0.00275130952762626,
      -0.00863656412352804,
      -0.0030622808978671,
      -0.000913311988812839,
      -0.0105038486306241,
      -0.00752667543147172,
      -0.0016057933949657,
      -0.0265027643612327,
      -0.00322232577059443,
      -0.0175779792407562,
      -0.00346948084205622,
      -0.00140861625502509,
      0,
      0,
      -0.0265027643612327,
      0,
      -0.00122555411859251,
      -0.00488939160580491,
      -0.015690771519979,
      -0.00350129210251632,
      -0.0189280367440688,
      -0.00625915435746854,
      -0.00256543102035299,
      -0.0228836751282947,
      -0.0109948012939388,
      -0.00383163860870991,
      -0.123261926594757,
      -0.0181655672431642,
      -0.0812907502291881,
      -0.0151620495282389,
      -0.00581610362290698,
